raw_title,raw_description,price,currency,without_dds,offer_type,property_type,city,neighborhood,contact_info,agency,agency_url,details_url,num_photos,date_time_added,search_url,site,total_offers,date,ref_no,time,price_per_m2,area,floor
"Земеделска земя, 6000m²","Категория 5, Лозе",9500.0,ЛЕВА,False, продажба,,Петрич,с.Ново Кономлади,,,,https://homes.bg/offer/zemya-za-prodazhba/zemedelska-zemya-6000m2-petrich-s.novo-konomladi/la22072,8.0,2025-01-13 18:03:22.155452,https://www.homes.bg/api/offers??currencyId=1&filterOrderBy=0&locationId=0&typeId=LandAgro,homes.bg,2176,2025-01-13,22072,днес,,,
"Земеделска земя, 1501m²","Категория 8, Нива",45000.0,EUR,False, продажба,,Самоков,с.Рельово,,,,https://homes.bg/offer/zemya-za-prodazhba/zemedelska-zemya-1501m2-samokov-s.reljovo/la24560,0.0,2025-01-13 18:03:22.155501,https://www.homes.bg/api/offers??currencyId=1&filterOrderBy=0&locationId=0&typeId=LandAgro,homes.bg,2176,2025-01-13,24560,днес,,,
"Земеделска земя, 40000m²",Гора,480000.0,ЛЕВА,False, продажба,,Смолян,с.Смилян,,,,https://homes.bg/offer/zemya-za-prodazhba/zemedelska-zemya-40000m2-smolyan-s.smilyan/la20220,4.0,2025-01-13 18:03:22.155523,https://www.homes.bg/api/offers??currencyId=1&filterOrderBy=0&locationId=0&typeId=LandAgro,homes.bg,2176,2025-01-13,20220,днес,,,
"Земеделска земя, 24168m²",Ливада,49500.0,ЛЕВА,False, продажба,,Смолян,с.Смилян,,,,https://homes.bg/offer/zemya-za-prodazhba/zemedelska-zemya-24168m2-smolyan-s.smilyan/la22398,1.0,2025-01-13 18:03:22.155537,https://www.homes.bg/api/offers??currencyId=1&filterOrderBy=0&locationId=0&typeId=LandAgro,homes.bg,2176,2025-01-13,22398,днес,,,
"Земеделска земя, 7020m²","Категория 4, Нива",70200.0,EUR,False, продажба,,Пловдив,кв. Прослав,,,,https://homes.bg/offer/zemya-za-prodazhba/zemedelska-zemya-7020m2-plovdiv-kv.-proslav/la24605,1.0,2025-01-13 18:03:22.155550,https://www.homes.bg/api/offers??currencyId=1&filterOrderBy=0&locationId=0&typeId=LandAgro,homes.bg,2176,2025-01-13,24605,днес,,,
"Земеделска земя, 3333m²","Категория 6, Нива",26900.0,EUR,False, продажба,,Марица,с.Труд,,,,https://homes.bg/offer/zemya-za-prodazhba/zemedelska-zemya-3333m2-marica-s.trud/la23357,1.0,2025-01-13 18:03:22.155563,https://www.homes.bg/api/offers??currencyId=1&filterOrderBy=0&locationId=0&typeId=LandAgro,homes.bg,2176,2025-01-13,23357,днес,,,
"Земеделска земя, 16000m²","Категория 3, Друго",480000.0,EUR,False, продажба,,Вълчи Дол,с.Войводино,,,,https://homes.bg/offer/zemya-za-prodazhba/zemedelska-zemya-16000m2-vylchi-dol-s.vojvodino/la34743,2.0,2025-01-13 18:03:22.155575,https://www.homes.bg/api/offers??currencyId=1&filterOrderBy=0&locationId=0&typeId=LandAgro,homes.bg,2176,2025-01-13,34743,вчера,,,
"Земеделска земя, 400m²","Категория 3, Нива",3100.0,EUR,False, продажба,,Велико Търново,гр.Килифарево,,,,https://homes.bg/offer/zemya-za-prodazhba/zemedelska-zemya-400m2-veliko-tyrnovo-gr.kilifarevo/la34162,6.0,2025-01-13 18:03:22.155589,https://www.homes.bg/api/offers??currencyId=1&filterOrderBy=0&locationId=0&typeId=LandAgro,homes.bg,2176,2025-01-13,34162,,,,
"Земеделска земя, 5273m²",Нива,274196.0,EUR,False, продажба,,Пловдив,с.Марково,,,,https://homes.bg/offer/zemya-za-prodazhba/zemedelska-zemya-5273m2-plovdiv-s.markovo/la34740,1.0,2025-01-13 18:03:22.155601,https://www.homes.bg/api/offers??currencyId=1&filterOrderBy=0&locationId=0&typeId=LandAgro,homes.bg,2176,2025-01-13,34740,,,,
"Земеделска земя, 2000m²",Нива,92700.0,ЛЕВА,False, продажба,,Добрич,Добрич,,,,https://homes.bg/offer/zemya-za-prodazhba/zemedelska-zemya-2000m2-dobrich-dobrich/la34739,1.0,2025-01-13 18:03:22.155613,https://www.homes.bg/api/offers??currencyId=1&filterOrderBy=0&locationId=0&typeId=LandAgro,homes.bg,2176,2025-01-13,34739,,,,
"Земеделска земя, 6000m²","Категория 4, Нива",72000.0,ЛЕВА,False, продажба,,Дупница,с.Джерман,,,,https://homes.bg/offer/zemya-za-prodazhba/zemedelska-zemya-6000m2-dupnica-s.dzherman/la24800,8.0,2025-01-13 18:03:22.155629,https://www.homes.bg/api/offers??currencyId=1&filterOrderBy=0&locationId=0&typeId=LandAgro,homes.bg,2176,2025-01-13,24800,,,,
"Земеделска земя, 135000m²",Друго,176000.0,EUR,False, продажба,,Видин,гр.Димово,,,,https://homes.bg/offer/zemya-za-prodazhba/zemedelska-zemya-135000m2-vidin-gr.dimovo/la34741,5.0,2025-01-13 18:03:22.155644,https://www.homes.bg/api/offers??currencyId=1&filterOrderBy=0&locationId=0&typeId=LandAgro,homes.bg,2176,2025-01-13,34741,,,,
"Земеделска земя, 2195m²",Нива,33000.0,EUR,False, продажба,,Созопол,с.Атия,,,,https://homes.bg/offer/zemya-za-prodazhba/zemedelska-zemya-2195m2-sozopol-s.atiya/la18975,4.0,2025-01-13 18:03:22.155658,https://www.homes.bg/api/offers??currencyId=1&filterOrderBy=0&locationId=0&typeId=LandAgro,homes.bg,2176,2025-01-13,18975,,,,
"Земеделска земя, 3841m²","Категория 4, Нива",115230.0,EUR,False, продажба,,Бургас, Северна Промишлена Зона,,,,https://homes.bg/offer/zemya-za-prodazhba/zemedelska-zemya-3841m2-burgas-severna-promishlena-zona/la22713,1.0,2025-01-13 18:03:22.155669,https://www.homes.bg/api/offers??currencyId=1&filterOrderBy=0&locationId=0&typeId=LandAgro,homes.bg,2176,2025-01-13,22713,,,,
"Земеделска земя, 14136m²","Категория 4, Нива",56000.0,EUR,False, продажба,,Камено,с.Кръстина,,,,https://homes.bg/offer/zemya-za-prodazhba/zemedelska-zemya-14136m2-kameno-s.krystina/la21393,4.0,2025-01-13 18:03:22.155682,https://www.homes.bg/api/offers??currencyId=1&filterOrderBy=0&locationId=0&typeId=LandAgro,homes.bg,2176,2025-01-13,21393,,,,
"Земеделска земя, 3124m²","Категория 4, Нива",39900.0,EUR,False, продажба,,Сливница,с.Алдомировци,,,,https://homes.bg/offer/zemya-za-prodazhba/zemedelska-zemya-3124m2-slivnica-s.aldomirovci/la24308,1.0,2025-01-13 18:03:22.155695,https://www.homes.bg/api/offers??currencyId=1&filterOrderBy=0&locationId=0&typeId=LandAgro,homes.bg,2176,2025-01-13,24308,,,,
"Земеделска земя, 8048m²","Категория 4, Нива",161000.0,EUR,False, продажба,,Варна,с.Близнаци,,,,https://homes.bg/offer/zemya-za-prodazhba/zemedelska-zemya-8048m2-varna-s.bliznaci/la34529,9.0,2025-01-13 18:03:22.155710,https://www.homes.bg/api/offers??currencyId=1&filterOrderBy=0&locationId=0&typeId=LandAgro,homes.bg,2176,2025-01-13,34529,,,,
"Земеделска земя, 1500m²",Нива,36000.0,EUR,False, продажба,,Пловдив,с.Граф-Игнатиево,,,,https://homes.bg/offer/zemya-za-prodazhba/zemedelska-zemya-1500m2-plovdiv-s.graf-ignatievo/la23916,9.0,2025-01-13 18:03:22.155725,https://www.homes.bg/api/offers??currencyId=1&filterOrderBy=0&locationId=0&typeId=LandAgro,homes.bg,2176,2025-01-13,23916,,,,
"Земеделска земя, 22000m²",Нива,80000.0,ЛЕВА,False, продажба,,Сливен,с.Ковачите,,,,https://homes.bg/offer/zemya-za-prodazhba/zemedelska-zemya-22000m2-sliven-s.kovachite/la34372,8.0,2025-01-13 18:03:22.155739,https://www.homes.bg/api/offers??currencyId=1&filterOrderBy=0&locationId=0&typeId=LandAgro,homes.bg,2176,2025-01-13,34372,,,,
"Земеделска земя, 959m²","Категория 9, Нива",5000.0,ЛЕВА,False, продажба,,Сливен,с.Бяла,,,,https://homes.bg/offer/zemya-za-prodazhba/zemedelska-zemya-959m2-sliven-s.byala/la34547,0.0,2025-01-13 18:03:22.155751,https://www.homes.bg/api/offers??currencyId=1&filterOrderBy=0&locationId=0&typeId=LandAgro,homes.bg,2176,2025-01-13,34547,,,,
"Земеделска земя, 3077m²",Нива,150000.0,EUR,False, продажба,,Пловдив,с.Марково,,,,https://homes.bg/offer/zemya-za-prodazhba/zemedelska-zemya-3077m2-plovdiv-s.markovo/la34470,1.0,2025-01-13 18:03:22.155763,https://www.homes.bg/api/offers??currencyId=1&filterOrderBy=0&locationId=0&typeId=LandAgro,homes.bg,2176,2025-01-13,34470,,,,
"Земеделска земя, 34000m²","Категория 4, Нива",156400.0,ЛЕВА,False, продажба,,Сливо Поле,с.Сливо Поле,,,,https://homes.bg/offer/zemya-za-prodazhba/zemedelska-zemya-34000m2-slivo-pole-s.slivo-pole/la24288,4.0,2025-01-13 18:03:22.155777,https://www.homes.bg/api/offers??currencyId=1&filterOrderBy=0&locationId=0&typeId=LandAgro,homes.bg,2176,2025-01-13,24288,,,,
"Земеделска земя, 996m²","Категория 7, Нива",21000.0,EUR,False, продажба,,Благоевград,с.Дъбрава,,,,https://homes.bg/offer/zemya-za-prodazhba/zemedelska-zemya-996m2-blagoevgrad-s.dybrava/la34473,2.0,2025-01-13 18:03:22.155788,https://www.homes.bg/api/offers??currencyId=1&filterOrderBy=0&locationId=0&typeId=LandAgro,homes.bg,2176,2025-01-13,34473,,,,
"Земеделска земя, 1000m²","Категория 7, Нива",15000.0,EUR,False, продажба,,Благоевград,с.Дъбрава,,,,https://homes.bg/offer/zemya-za-prodazhba/zemedelska-zemya-1000m2-blagoevgrad-s.dybrava/la34465,3.0,2025-01-13 18:03:22.155800,https://www.homes.bg/api/offers??currencyId=1&filterOrderBy=0&locationId=0&typeId=LandAgro,homes.bg,2176,2025-01-13,34465,,,,
"Земеделска земя, 3000m²","Категория 3, Нива",81300.0,EUR,False, продажба,,Бургас,гр.Поморие,,,,https://homes.bg/offer/zemya-za-prodazhba/zemedelska-zemya-3000m2-burgas-gr.pomorie/la34737,1.0,2025-01-13 18:03:22.155812,https://www.homes.bg/api/offers??currencyId=1&filterOrderBy=0&locationId=0&typeId=LandAgro,homes.bg,2176,2025-01-13,34737,,,,
"Земеделска земя, 2500m²","Категория 3, Нива",28200.0,EUR,False, продажба,,Бургас,гр.Поморие,,,,https://homes.bg/offer/zemya-za-prodazhba/zemedelska-zemya-2500m2-burgas-gr.pomorie/la34640,1.0,2025-01-13 18:03:22.155823,https://www.homes.bg/api/offers??currencyId=1&filterOrderBy=0&locationId=0&typeId=LandAgro,homes.bg,2176,2025-01-13,34640,,,,
"Земеделска земя, 7367m²",Друго,50650.0,EUR,False, продажба,,Благоевград,с.Логодаж,,,,https://homes.bg/offer/zemya-za-prodazhba/zemedelska-zemya-7367m2-blagoevgrad-s.logodazh/la34252,4.0,2025-01-13 18:03:22.155836,https://www.homes.bg/api/offers??currencyId=1&filterOrderBy=0&locationId=0&typeId=LandAgro,homes.bg,2176,2025-01-13,34252,,,,
"Земеделска земя, 5000m²","Категория 4, Нива",160000.0,EUR,False, продажба,,Пловдив, Индустриална зона - Изток,,,,https://homes.bg/offer/zemya-za-prodazhba/zemedelska-zemya-5000m2-plovdiv-industrialna-zona---iztok/la33614,0.0,2025-01-13 18:03:22.155846,https://www.homes.bg/api/offers??currencyId=1&filterOrderBy=0&locationId=0&typeId=LandAgro,homes.bg,2176,2025-01-13,33614,,,,
"Земеделска земя, 4500m²",Нива,103500.0,EUR,False, продажба,,Пловдив,с.Цалапица,,,,https://homes.bg/offer/zemya-za-prodazhba/zemedelska-zemya-4500m2-plovdiv-s.calapica/la34716,3.0,2025-01-13 18:03:22.155858,https://www.homes.bg/api/offers??currencyId=1&filterOrderBy=0&locationId=0&typeId=LandAgro,homes.bg,2176,2025-01-13,34716,,,,
"Земеделска земя, 5997m²",Друго,96000.0,EUR,False, продажба,,Благоевград,жк. Баларбаши,,,,https://homes.bg/offer/zemya-za-prodazhba/zemedelska-zemya-5997m2-blagoevgrad-zhk.-balarbashi/la33662,2.0,2025-01-13 18:03:22.155870,https://www.homes.bg/api/offers??currencyId=1&filterOrderBy=0&locationId=0&typeId=LandAgro,homes.bg,2176,2025-01-13,33662,,,,
"Земеделска земя, 7164m²",Друго,110000.0,EUR,False, продажба,,Благоевград,гр.Симитли,,,,https://homes.bg/offer/zemya-za-prodazhba/zemedelska-zemya-7164m2-blagoevgrad-gr.simitli/la34161,2.0,2025-01-13 18:03:22.155882,https://www.homes.bg/api/offers??currencyId=1&filterOrderBy=0&locationId=0&typeId=LandAgro,homes.bg,2176,2025-01-13,34161,,,,
"Земеделска земя, 53000m²",Гора,265000.0,EUR,False, продажба,,Шумен,с.Сушина,,,,https://homes.bg/offer/zemya-za-prodazhba/zemedelska-zemya-53000m2-shumen-s.sushina/la34280,1.0,2025-01-13 18:03:22.155893,https://www.homes.bg/api/offers??currencyId=1&filterOrderBy=0&locationId=0&typeId=LandAgro,homes.bg,2176,2025-01-13,34280,,,,
"Земеделска земя, 854m²",Друго,11000.0,EUR,False, продажба,,Добрич,жк. Дружба 1,,,,https://homes.bg/offer/zemya-za-prodazhba/zemedelska-zemya-854m2-dobrich-zhk.-druzhba-1/la34518,1.0,2025-01-13 18:03:22.155903,https://www.homes.bg/api/offers??currencyId=1&filterOrderBy=0&locationId=0&typeId=LandAgro,homes.bg,2176,2025-01-13,34518,,,,
"Земеделска земя, 2668m²",Друго,75000.0,EUR,False, продажба,,Варна,Варна,,,,https://homes.bg/offer/zemya-za-prodazhba/zemedelska-zemya-2668m2-varna-varna/la24969,2.0,2025-01-13 18:03:22.155915,https://www.homes.bg/api/offers??currencyId=1&filterOrderBy=0&locationId=0&typeId=LandAgro,homes.bg,2176,2025-01-13,24969,,,,
"Земеделска земя, 5336m²",Друго,150000.0,EUR,False, продажба,,Варна,Варна,,,,https://homes.bg/offer/zemya-za-prodazhba/zemedelska-zemya-5336m2-varna-varna/la24970,2.0,2025-01-13 18:03:22.155927,https://www.homes.bg/api/offers??currencyId=1&filterOrderBy=0&locationId=0&typeId=LandAgro,homes.bg,2176,2025-01-13,24970,,,,
"Земеделска земя, 18800m²","Категория 4, Нива",18800.0,EUR,False, продажба,,Стамболийски,гр.Стамболийски,,,,https://homes.bg/offer/zemya-za-prodazhba/zemedelska-zemya-18800m2-stambolijski-gr.stambolijski/la34736,4.0,2025-01-13 18:03:22.155939,https://www.homes.bg/api/offers??currencyId=1&filterOrderBy=0&locationId=0&typeId=LandAgro,homes.bg,2176,2025-01-13,34736,,,,
"Земеделска земя, 3001m²",Гора,85000.0,EUR,False, продажба,,Смолян,к.к.Пампорово,,,,https://homes.bg/offer/zemya-za-prodazhba/zemedelska-zemya-3001m2-smolyan-k.k.pamporovo/la34738,2.0,2025-01-13 18:03:22.155950,https://www.homes.bg/api/offers??currencyId=1&filterOrderBy=0&locationId=0&typeId=LandAgro,homes.bg,2176,2025-01-13,34738,,,,
"Земеделска земя, 1800m²","Категория 4, Овощна градина",43000.0,ЛЕВА,False, продажба,,Стамболийски,гр.Стамболийски,,,,https://homes.bg/offer/zemya-za-prodazhba/zemedelska-zemya-1800m2-stambolijski-gr.stambolijski/la33806,5.0,2025-01-13 18:03:22.155962,https://www.homes.bg/api/offers??currencyId=1&filterOrderBy=0&locationId=0&typeId=LandAgro,homes.bg,2176,2025-01-13,33806,,,,
"Земеделска земя, 5000m²",Друго,27000.0,EUR,False, продажба,,Бургас,с.Изгрев,,,,https://homes.bg/offer/zemya-za-prodazhba/zemedelska-zemya-5000m2-burgas-s.izgrev/la34586,3.0,2025-01-13 18:03:22.155975,https://www.homes.bg/api/offers??currencyId=1&filterOrderBy=0&locationId=0&typeId=LandAgro,homes.bg,2176,2025-01-13,34586,,,,
"Земеделска земя, 5459m²",Друго,11000.0,EUR,False, продажба,,Пазарджик,,,,,https://homes.bg/offer/zemya-za-prodazhba/zemedelska-zemya-5459m2-pazardzhik-/la34674,3.0,2025-01-13 18:03:22.155986,https://www.homes.bg/api/offers??currencyId=1&filterOrderBy=0&locationId=0&typeId=LandAgro,homes.bg,2176,2025-01-13,34674,,,,
"Земеделска земя, 3203m²",Друго,96060.0,EUR,False, продажба,,Пловдив,кв. Коматево,,,,https://homes.bg/offer/zemya-za-prodazhba/zemedelska-zemya-3203m2-plovdiv-kv.-komatevo/la34666,1.0,2025-01-13 18:03:22.155998,https://www.homes.bg/api/offers??currencyId=1&filterOrderBy=0&locationId=0&typeId=LandAgro,homes.bg,2176,2025-01-13,34666,,,,
"Земеделска земя, 4000m²",Друго,84000.0,EUR,False, продажба,,Пловдив,с.Граф-Игнатиево,,,,https://homes.bg/offer/zemya-za-prodazhba/zemedelska-zemya-4000m2-plovdiv-s.graf-ignatievo/la34656,1.0,2025-01-13 18:03:22.156009,https://www.homes.bg/api/offers??currencyId=1&filterOrderBy=0&locationId=0&typeId=LandAgro,homes.bg,2176,2025-01-13,34656,,,,
"Земеделска земя, 2950m²",Друго,73750.0,EUR,False, продажба,,Пловдив,с.Първенец,,,,https://homes.bg/offer/zemya-za-prodazhba/zemedelska-zemya-2950m2-plovdiv-s.pyrvenec/la34660,2.0,2025-01-13 18:03:22.156020,https://www.homes.bg/api/offers??currencyId=1&filterOrderBy=0&locationId=0&typeId=LandAgro,homes.bg,2176,2025-01-13,34660,,,,
"Земеделска земя, 24751m²",Друго,175000.0,EUR,False, продажба,,Пловдив,с.Цалапица,,,,https://homes.bg/offer/zemya-za-prodazhba/zemedelska-zemya-24751m2-plovdiv-s.calapica/la34652,1.0,2025-01-13 18:03:22.156031,https://www.homes.bg/api/offers??currencyId=1&filterOrderBy=0&locationId=0&typeId=LandAgro,homes.bg,2176,2025-01-13,34652,,,,
"Земеделска земя, 10000m²",Друго,250000.0,EUR,False, продажба,,Пловдив,с.Войводиново,,,,https://homes.bg/offer/zemya-za-prodazhba/zemedelska-zemya-10000m2-plovdiv-s.vojvodinovo/la34657,1.0,2025-01-13 18:03:22.156042,https://www.homes.bg/api/offers??currencyId=1&filterOrderBy=0&locationId=0&typeId=LandAgro,homes.bg,2176,2025-01-13,34657,,,,
"Земеделска земя, 12106m²",Друго,62000.0,EUR,False, продажба,,Пловдив,с.Стряма,,,,https://homes.bg/offer/zemya-za-prodazhba/zemedelska-zemya-12106m2-plovdiv-s.stryama/la34651,1.0,2025-01-13 18:03:22.156053,https://www.homes.bg/api/offers??currencyId=1&filterOrderBy=0&locationId=0&typeId=LandAgro,homes.bg,2176,2025-01-13,34651,,,,
"Земеделска земя, 4820m²",Друго,72300.0,EUR,False, продажба,,Пловдив,с.Храбрино,,,,https://homes.bg/offer/zemya-za-prodazhba/zemedelska-zemya-4820m2-plovdiv-s.hrabrino/la34655,3.0,2025-01-13 18:03:22.156064,https://www.homes.bg/api/offers??currencyId=1&filterOrderBy=0&locationId=0&typeId=LandAgro,homes.bg,2176,2025-01-13,34655,,,,
"Земеделска земя, 6407m²",Друго,160000.0,EUR,False, продажба,,Пловдив,с.Белащица,,,,https://homes.bg/offer/zemya-za-prodazhba/zemedelska-zemya-6407m2-plovdiv-s.belashtica/la34672,3.0,2025-01-13 18:03:22.156076,https://www.homes.bg/api/offers??currencyId=1&filterOrderBy=0&locationId=0&typeId=LandAgro,homes.bg,2176,2025-01-13,34672,,,,
"Земеделска земя, 11523m²",Друго,340000.0,EUR,False, продажба,,Пловдив,с.Радиново,,,,https://homes.bg/offer/zemya-za-prodazhba/zemedelska-zemya-11523m2-plovdiv-s.radinovo/la34662,3.0,2025-01-13 18:03:22.156088,https://www.homes.bg/api/offers??currencyId=1&filterOrderBy=0&locationId=0&typeId=LandAgro,homes.bg,2176,2025-01-13,34662,,,,
"Земеделска земя, 600m²",Друго,22000.0,EUR,False, продажба,,Плевен,жк. Кайлъка,,,,https://homes.bg/offer/zemya-za-prodazhba/zemedelska-zemya-600m2-pleven-zhk.-kajlyka/la34735,8.0,2025-01-13 18:03:22.156102,https://www.homes.bg/api/offers??currencyId=1&filterOrderBy=0&locationId=0&typeId=LandAgro,homes.bg,2176,2025-01-13,34735,,,,
"Земеделска земя, 2000m²","Категория 4, Овощна градина",72000.0,EUR,False, продажба,,Пловдив,с.Костиево,,,,https://homes.bg/offer/zemya-za-prodazhba/zemedelska-zemya-2000m2-plovdiv-s.kostievo/la33854,2.0,2025-01-13 18:03:22.156113,https://www.homes.bg/api/offers??currencyId=1&filterOrderBy=0&locationId=0&typeId=LandAgro,homes.bg,2176,2025-01-13,33854,,,,
"Земеделска земя, 1829m²","Категория 10, Нива",51500.0,ЛЕВА,False, продажба,,Пловдив,с.Марково,,,,https://homes.bg/offer/zemya-za-prodazhba/zemedelska-zemya-1829m2-plovdiv-s.markovo/la26418,7.0,2025-01-13 18:03:22.156127,https://www.homes.bg/api/offers??currencyId=1&filterOrderBy=0&locationId=0&typeId=LandAgro,homes.bg,2176,2025-01-13,26418,,,,
"Земеделска земя, 1713m²","Категория 4, Овощна градина",20000.0,ЛЕВА,False, продажба,,Габрово,с.Селище,,,,https://homes.bg/offer/zemya-za-prodazhba/zemedelska-zemya-1713m2-gabrovo-s.selishte/la34508,10.0,2025-01-13 18:03:22.156141,https://www.homes.bg/api/offers??currencyId=1&filterOrderBy=0&locationId=0&typeId=LandAgro,homes.bg,2176,2025-01-13,34508,,,,
"Земеделска земя, 100m²","Категория 5, Нива",1000.0,ЛЕВА,False, продажба,,Габрово,гр.Севлиево,,,,https://homes.bg/offer/zemya-za-prodazhba/zemedelska-zemya-100m2-gabrovo-gr.sevlievo/la34477,1.0,2025-01-13 18:03:22.156152,https://www.homes.bg/api/offers??currencyId=1&filterOrderBy=0&locationId=0&typeId=LandAgro,homes.bg,2176,2025-01-13,34477,,,,
"Земеделска земя, 8605m²","Категория 4, Нива",300000.0,EUR,False, продажба,,Софийска,гр.Божурище,,,,https://homes.bg/offer/zemya-za-prodazhba/zemedelska-zemya-8605m2-sofijska-gr.bozhurishte/la34641,4.0,2025-01-13 18:03:22.156164,https://www.homes.bg/api/offers??currencyId=1&filterOrderBy=0&locationId=0&typeId=LandAgro,homes.bg,2176,2025-01-13,34641,,,,
"Земеделска земя, 2000m²",Гора,170000.0,EUR,False, продажба,,Варна,Варна,,,,https://homes.bg/offer/zemya-za-prodazhba/zemedelska-zemya-2000m2-varna-varna/la25343,3.0,2025-01-13 18:03:22.156176,https://www.homes.bg/api/offers??currencyId=1&filterOrderBy=0&locationId=0&typeId=LandAgro,homes.bg,2176,2025-01-13,25343,,,,
"Земеделска земя, 3500m²","Категория 4, Ливада",65900.0,EUR,False, продажба,,Велико Търново,с.Присово,,,,https://homes.bg/offer/zemya-za-prodazhba/zemedelska-zemya-3500m2-veliko-tyrnovo-s.prisovo/la24781,9.0,2025-01-13 18:03:22.156190,https://www.homes.bg/api/offers??currencyId=1&filterOrderBy=0&locationId=0&typeId=LandAgro,homes.bg,2176,2025-01-13,24781,,,,
"Земеделска земя, 7684m²","Категория 8, Пасище",12000.0,ЛЕВА,False, продажба,,Враца,с.Челопек,,,,https://homes.bg/offer/zemya-za-prodazhba/zemedelska-zemya-7684m2-vraca-s.chelopek/la19918,2.0,2025-01-13 18:03:22.156202,https://www.homes.bg/api/offers??currencyId=1&filterOrderBy=0&locationId=0&typeId=LandAgro,homes.bg,2176,2025-01-13,19918,,,,
"Земеделска земя, 4592m²",Друго,95000.0,EUR,False, продажба,,Пловдив,с.Чешнегирово,,,,https://homes.bg/offer/zemya-za-prodazhba/zemedelska-zemya-4592m2-plovdiv-s.cheshnegirovo/la26598,1.0,2025-01-13 18:03:22.156213,https://www.homes.bg/api/offers??currencyId=1&filterOrderBy=0&locationId=0&typeId=LandAgro,homes.bg,2176,2025-01-13,26598,,,,
"Земеделска земя, 4780m²","Категория 3, Нива",210000.0,ЛЕВА,False, продажба,,Монтана,жк. Жеравица,,,,https://homes.bg/offer/zemya-za-prodazhba/zemedelska-zemya-4780m2-montana-zhk.-zheravica/la33717,0.0,2025-01-13 18:03:22.156223,https://www.homes.bg/api/offers??currencyId=1&filterOrderBy=0&locationId=0&typeId=LandAgro,homes.bg,2176,2025-01-13,33717,,,,
"Земеделска земя, 3742m²",Гора,57900.0,EUR,False, продажба,,Варна,Варна,,,,https://homes.bg/offer/zemya-za-prodazhba/zemedelska-zemya-3742m2-varna-varna/la33077,3.0,2025-01-13 18:03:22.156234,https://www.homes.bg/api/offers??currencyId=1&filterOrderBy=0&locationId=0&typeId=LandAgro,homes.bg,2176,2025-01-13,33077,,,,
"Земеделска земя, 2500m²",Друго,5000.0,EUR,False, продажба,,Варна,с.Звездица,,,,https://homes.bg/offer/zemya-za-prodazhba/zemedelska-zemya-2500m2-varna-s.zvezdica/la34167,1.0,2025-01-13 18:03:22.156245,https://www.homes.bg/api/offers??currencyId=1&filterOrderBy=0&locationId=0&typeId=LandAgro,homes.bg,2176,2025-01-13,34167,,,,
"Земеделска земя, 1500m²","Категория 6, Нива",6000.0,ЛЕВА,False, продажба,,Хисаря,с.Беловица,,,,https://homes.bg/offer/zemya-za-prodazhba/zemedelska-zemya-1500m2-hisarya-s.belovica/la34729,4.0,2025-01-13 18:03:22.156257,https://www.homes.bg/api/offers??currencyId=1&filterOrderBy=0&locationId=0&typeId=LandAgro,homes.bg,2176,2025-01-13,34729,,,,
"Земеделска земя, 11841m²",Друго,23000.0,EUR,False, продажба,,Варна,с.Приселци,,,,https://homes.bg/offer/zemya-za-prodazhba/zemedelska-zemya-11841m2-varna-s.priselci/la33811,2.0,2025-01-13 18:03:22.156269,https://www.homes.bg/api/offers??currencyId=1&filterOrderBy=0&locationId=0&typeId=LandAgro,homes.bg,2176,2025-01-13,33811,,,,
"Земеделска земя, 2000m²",Гора,21000.0,EUR,False, продажба,,Пловдив,с.Марково,,,,https://homes.bg/offer/zemya-za-prodazhba/zemedelska-zemya-2000m2-plovdiv-s.markovo/la24942,1.0,2025-01-13 18:03:22.156280,https://www.homes.bg/api/offers??currencyId=1&filterOrderBy=0&locationId=0&typeId=LandAgro,homes.bg,2176,2025-01-13,24942,,,,
"Земеделска земя, 4853m²",Друго,23000.0,EUR,False, продажба,,Бургас,с.Ахелой,,,,https://homes.bg/offer/zemya-za-prodazhba/zemedelska-zemya-4853m2-burgas-s.aheloj/la24310,4.0,2025-01-13 18:03:22.156293,https://www.homes.bg/api/offers??currencyId=1&filterOrderBy=0&locationId=0&typeId=LandAgro,homes.bg,2176,2025-01-13,24310,,,,
"Земеделска земя, 2800m²",Друго,19700.0,EUR,False, продажба,,Бургас,гр.Поморие,,,,https://homes.bg/offer/zemya-za-prodazhba/zemedelska-zemya-2800m2-burgas-gr.pomorie/la33648,5.0,2025-01-13 18:03:22.156305,https://www.homes.bg/api/offers??currencyId=1&filterOrderBy=0&locationId=0&typeId=LandAgro,homes.bg,2176,2025-01-13,33648,,,,
"Земеделска земя, 6000m²",Друго,7500.0,EUR,False, продажба,,Бургас,гр.Обзор,,,,https://homes.bg/offer/zemya-za-prodazhba/zemedelska-zemya-6000m2-burgas-gr.obzor/la24621,5.0,2025-01-13 18:03:22.156319,https://www.homes.bg/api/offers??currencyId=1&filterOrderBy=0&locationId=0&typeId=LandAgro,homes.bg,2176,2025-01-13,24621,,,,
"Земеделска земя, 2439m²","Категория 4, Овощна градина",68300.0,EUR,False, продажба,,Благоевград, Първа Промишлена Зона,,,,https://homes.bg/offer/zemya-za-prodazhba/zemedelska-zemya-2439m2-blagoevgrad-pyrva-promishlena-zona/la34569,3.0,2025-01-13 18:03:22.156330,https://www.homes.bg/api/offers??currencyId=1&filterOrderBy=0&locationId=0&typeId=LandAgro,homes.bg,2176,2025-01-13,34569,,,,
"Земеделска земя, 76000m²",Друго,100000.0,EUR,False, продажба,,Варна,с.Новаково,,,,https://homes.bg/offer/zemya-za-prodazhba/zemedelska-zemya-76000m2-varna-s.novakovo/la34623,5.0,2025-01-13 18:03:22.156343,https://www.homes.bg/api/offers??currencyId=1&filterOrderBy=0&locationId=0&typeId=LandAgro,homes.bg,2176,2025-01-13,34623,,,,
"Земеделска земя, 3756m²",Друго,0.0,EUR,False, продажба,,София -,с.Житен,,,,https://homes.bg/offer/zemya-za-prodazhba/zemedelska-zemya-3756m2-sofiya---grad-s.zhiten/la34325,3.0,2025-01-13 18:03:22.156355,https://www.homes.bg/api/offers??currencyId=1&filterOrderBy=0&locationId=0&typeId=LandAgro,homes.bg,2176,2025-01-13,34325,,,,
"Земеделска земя, 2261m²",Друго,105399.0,EUR,False, продажба,,София -,с.Иваняне,,,,https://homes.bg/offer/zemya-za-prodazhba/zemedelska-zemya-2261m2-sofiya---grad-s.ivanyane/la34682,2.0,2025-01-13 18:03:22.156367,https://www.homes.bg/api/offers??currencyId=1&filterOrderBy=0&locationId=0&typeId=LandAgro,homes.bg,2176,2025-01-13,34682,,,,
"Земеделска земя, 8300m²","Категория 1, Ливада",135000.0,EUR,False, продажба,,Несебър,с.Кошарица,,,,https://homes.bg/offer/zemya-za-prodazhba/zemedelska-zemya-8300m2-nesebyr-s.kosharica/la12129,6.0,2025-01-13 18:03:22.156382,https://www.homes.bg/api/offers??currencyId=1&filterOrderBy=0&locationId=0&typeId=LandAgro,homes.bg,2176,2025-01-13,12129,,,,
"Земеделска земя, 2300m²",Нива,50000.0,EUR,False, продажба,,Пловдив,с.Царацово,,,,https://homes.bg/offer/zemya-za-prodazhba/zemedelska-zemya-2300m2-plovdiv-s.caracovo/la34728,1.0,2025-01-13 18:03:22.156393,https://www.homes.bg/api/offers??currencyId=1&filterOrderBy=0&locationId=0&typeId=LandAgro,homes.bg,2176,2025-01-13,34728,,,,
"Земеделска земя, 5999m²","Категория 4, Нива",60000.0,ЛЕВА,False, продажба,,Плевен,с.Ясен,,,,https://homes.bg/offer/zemya-za-prodazhba/zemedelska-zemya-5999m2-pleven-s.yasen/la19222,3.0,2025-01-13 18:03:22.156406,https://www.homes.bg/api/offers??currencyId=1&filterOrderBy=0&locationId=0&typeId=LandAgro,homes.bg,2176,2025-01-13,19222,,,,
"Земеделска земя, 4960m²","Категория 5, Нива",60000.0,ЛЕВА,False, продажба,,Плевен,жк. Сторгозия,,,,https://homes.bg/offer/zemya-za-prodazhba/zemedelska-zemya-4960m2-pleven-zhk.-storgoziya/la24140,6.0,2025-01-13 18:03:22.156419,https://www.homes.bg/api/offers??currencyId=1&filterOrderBy=0&locationId=0&typeId=LandAgro,homes.bg,2176,2025-01-13,24140,,,,
"Земеделска земя, 3373m²","Категория 5, Нива",50595.0,EUR,False, продажба,,Пловдив, Индустриална зона - Изток,,,,https://homes.bg/offer/zemya-za-prodazhba/zemedelska-zemya-3373m2-plovdiv-industrialna-zona---iztok/la34480,5.0,2025-01-13 18:03:22.156433,https://www.homes.bg/api/offers??currencyId=1&filterOrderBy=0&locationId=0&typeId=LandAgro,homes.bg,2176,2025-01-13,34480,,,,
"Земеделска земя, 5853m²","Категория 5, Нива",175590.0,EUR,False, продажба,,Пловдив, Индустриална зона - Изток,,,,https://homes.bg/offer/zemya-za-prodazhba/zemedelska-zemya-5853m2-plovdiv-industrialna-zona---iztok/la34478,6.0,2025-01-13 18:03:22.156447,https://www.homes.bg/api/offers??currencyId=1&filterOrderBy=0&locationId=0&typeId=LandAgro,homes.bg,2176,2025-01-13,34478,,,,
"Земеделска земя, 6866m²","Категория 5, Нива",171650.0,EUR,False, продажба,,Пловдив, Индустриална зона - Изток,,,,https://homes.bg/offer/zemya-za-prodazhba/zemedelska-zemya-6866m2-plovdiv-industrialna-zona---iztok/la34479,4.0,2025-01-13 18:03:22.156460,https://www.homes.bg/api/offers??currencyId=1&filterOrderBy=0&locationId=0&typeId=LandAgro,homes.bg,2176,2025-01-13,34479,,,,
"Земеделска земя, 1014m²","Категория 8, Нива",40000.0,ЛЕВА,False, продажба,,Асеновград,гр.Асеновград,,,,https://homes.bg/offer/zemya-za-prodazhba/zemedelska-zemya-1014m2-asenovgrad-gr.asenovgrad/la33692,3.0,2025-01-13 18:03:22.156473,https://www.homes.bg/api/offers??currencyId=1&filterOrderBy=0&locationId=0&typeId=LandAgro,homes.bg,2176,2025-01-13,33692,,,,
"Земеделска земя, 707m²","Категория 9, Нива",6500.0,ЛЕВА,False, продажба,,Асеновград,гр.Асеновград,,,,https://homes.bg/offer/zemya-za-prodazhba/zemedelska-zemya-707m2-asenovgrad-gr.asenovgrad/la25118,2.0,2025-01-13 18:03:22.156484,https://www.homes.bg/api/offers??currencyId=1&filterOrderBy=0&locationId=0&typeId=LandAgro,homes.bg,2176,2025-01-13,25118,,,,
"Земеделска земя, 2000m²","Категория 8, Нива",4200.0,ЛЕВА,False, продажба,,Асеновград,с.Горнослав,,,,https://homes.bg/offer/zemya-za-prodazhba/zemedelska-zemya-2000m2-asenovgrad-s.gornoslav/la23940,1.0,2025-01-13 18:03:22.156502,https://www.homes.bg/api/offers??currencyId=1&filterOrderBy=0&locationId=0&typeId=LandAgro,homes.bg,2176,2025-01-13,23940,,,,
"Земеделска земя, 2451m²","Категория 9, Нива",8000.0,ЛЕВА,False, продажба,,Асеновград,с.Мулдава,,,,https://homes.bg/offer/zemya-za-prodazhba/zemedelska-zemya-2451m2-asenovgrad-s.muldava/la24677,2.0,2025-01-13 18:03:22.156514,https://www.homes.bg/api/offers??currencyId=1&filterOrderBy=0&locationId=0&typeId=LandAgro,homes.bg,2176,2025-01-13,24677,,,,
"Земеделска земя, 4300m²","Категория 3, Нива",15500.0,ЛЕВА,False, продажба,,Асеновград,гр.Асеновград,,,,https://homes.bg/offer/zemya-za-prodazhba/zemedelska-zemya-4300m2-asenovgrad-gr.asenovgrad/la25170,2.0,2025-01-13 18:03:22.156525,https://www.homes.bg/api/offers??currencyId=1&filterOrderBy=0&locationId=0&typeId=LandAgro,homes.bg,2176,2025-01-13,25170,,,,
"Земеделска земя, 2216m²","Категория 7, Нива",20000.0,ЛЕВА,False, продажба,,Асеновград,гр.Асеновград,,,,https://homes.bg/offer/zemya-za-prodazhba/zemedelska-zemya-2216m2-asenovgrad-gr.asenovgrad/la34085,2.0,2025-01-13 18:03:22.156537,https://www.homes.bg/api/offers??currencyId=1&filterOrderBy=0&locationId=0&typeId=LandAgro,homes.bg,2176,2025-01-13,34085,,,,
"Земеделска земя, 796m²","Категория 7, Нива",3200.0,ЛЕВА,False, продажба,,Благоевград,с.Логодаж,,,,https://homes.bg/offer/zemya-za-prodazhba/zemedelska-zemya-796m2-blagoevgrad-s.logodazh/la21839,1.0,2025-01-13 18:03:22.156548,https://www.homes.bg/api/offers??currencyId=1&filterOrderBy=0&locationId=0&typeId=LandAgro,homes.bg,2176,2025-01-13,21839,,,,
"Земеделска земя, 1004m²","Категория 5, Нива",10000.0,EUR,False, продажба,,Благоевград,с.Бучино,,,,https://homes.bg/offer/zemya-za-prodazhba/zemedelska-zemya-1004m2-blagoevgrad-s.buchino/la21125,6.0,2025-01-13 18:03:22.156562,https://www.homes.bg/api/offers??currencyId=1&filterOrderBy=0&locationId=0&typeId=LandAgro,homes.bg,2176,2025-01-13,21125,,,,
"Земеделска земя, 2000m²","Категория 6, Нива",62000.0,EUR,False, продажба,,Благоевград,с.Логодаж,,,,https://homes.bg/offer/zemya-za-prodazhba/zemedelska-zemya-2000m2-blagoevgrad-s.logodazh/la34021,3.0,2025-01-13 18:03:22.156574,https://www.homes.bg/api/offers??currencyId=1&filterOrderBy=0&locationId=0&typeId=LandAgro,homes.bg,2176,2025-01-13,34021,,,,
"Земеделска земя, 3000m²","Категория 5, Нива",18000.0,ЛЕВА,False, продажба,,Благоевград,с.Зелендол,,,,https://homes.bg/offer/zemya-za-prodazhba/zemedelska-zemya-3000m2-blagoevgrad-s.zelendol/la22776,2.0,2025-01-13 18:03:22.156585,https://www.homes.bg/api/offers??currencyId=1&filterOrderBy=0&locationId=0&typeId=LandAgro,homes.bg,2176,2025-01-13,22776,,,,
"Земеделска земя, 601m²","Категория 7, Ливада",4000.0,EUR,False, продажба,,Благоевград,с.Логодаж,,,,https://homes.bg/offer/zemya-za-prodazhba/zemedelska-zemya-601m2-blagoevgrad-s.logodazh/la22698,1.0,2025-01-13 18:03:22.156597,https://www.homes.bg/api/offers??currencyId=1&filterOrderBy=0&locationId=0&typeId=LandAgro,homes.bg,2176,2025-01-13,22698,,,,
"Земеделска земя, 880m²","Категория 4, Нива",6500.0,EUR,False, продажба,,Благоевград,жк. Струмско,,,,https://homes.bg/offer/zemya-za-prodazhba/zemedelska-zemya-880m2-blagoevgrad-zhk.-strumsko/la22920,1.0,2025-01-13 18:03:22.156608,https://www.homes.bg/api/offers??currencyId=1&filterOrderBy=0&locationId=0&typeId=LandAgro,homes.bg,2176,2025-01-13,22920,,,,
"Земеделска земя, 3393m²","Категория 4, Нива",67860.0,ЛЕВА,False, продажба,,Симитли,с.Полена,,,,https://homes.bg/offer/zemya-za-prodazhba/zemedelska-zemya-3393m2-simitli-s.polena/la22779,1.0,2025-01-13 18:03:22.156619,https://www.homes.bg/api/offers??currencyId=1&filterOrderBy=0&locationId=0&typeId=LandAgro,homes.bg,2176,2025-01-13,22779,,,,
"Земеделска земя, 3201m²","Категория 5, Нива",19300.0,ЛЕВА,False, продажба,,Благоевград,с.Зелендол,,,,https://homes.bg/offer/zemya-za-prodazhba/zemedelska-zemya-3201m2-blagoevgrad-s.zelendol/la22775,2.0,2025-01-13 18:03:22.156632,https://www.homes.bg/api/offers??currencyId=1&filterOrderBy=0&locationId=0&typeId=LandAgro,homes.bg,2176,2025-01-13,22775,,,,
"Земеделска земя, 1506m²","Категория 5, Нива",15100.0,ЛЕВА,False, продажба,,Благоевград,с.Зелендол,,,,https://homes.bg/offer/zemya-za-prodazhba/zemedelska-zemya-1506m2-blagoevgrad-s.zelendol/la22749,1.0,2025-01-13 18:03:22.156643,https://www.homes.bg/api/offers??currencyId=1&filterOrderBy=0&locationId=0&typeId=LandAgro,homes.bg,2176,2025-01-13,22749,,,,
"Земеделска земя, 2252m²","Категория 9, Нива",22600.0,ЛЕВА,False, продажба,,Благоевград,с.Зелендол,,,,https://homes.bg/offer/zemya-za-prodazhba/zemedelska-zemya-2252m2-blagoevgrad-s.zelendol/la22748,2.0,2025-01-13 18:03:22.156654,https://www.homes.bg/api/offers??currencyId=1&filterOrderBy=0&locationId=0&typeId=LandAgro,homes.bg,2176,2025-01-13,22748,,,,
"Земеделска земя, 3415m²","Категория 5, Нива",51225.0,ЛЕВА,False, продажба,,Благоевград,с.Зелендол,,,,https://homes.bg/offer/zemya-za-prodazhba/zemedelska-zemya-3415m2-blagoevgrad-s.zelendol/la22773,2.0,2025-01-13 18:03:22.156665,https://www.homes.bg/api/offers??currencyId=1&filterOrderBy=0&locationId=0&typeId=LandAgro,homes.bg,2176,2025-01-13,22773,,,,
"Земеделска земя, 5000m²","Категория 9, Нива",36000.0,ЛЕВА,False, продажба,,Сандански,с.Хърсово,,,,https://homes.bg/offer/zemya-za-prodazhba/zemedelska-zemya-5000m2-sandanski-s.hyrsovo/la23691,4.0,2025-01-13 18:03:22.156677,https://www.homes.bg/api/offers??currencyId=1&filterOrderBy=0&locationId=0&typeId=LandAgro,homes.bg,2176,2025-01-13,23691,,,,
"Земеделска земя, 1000m²","Категория 7, Лозе",54000.0,ЛЕВА,False, продажба,,Благоевград,жк. Баларбаши,,,,https://homes.bg/offer/zemya-za-prodazhba/zemedelska-zemya-1000m2-blagoevgrad-zhk.-balarbashi/la21948,2.0,2025-01-13 18:03:22.156689,https://www.homes.bg/api/offers??currencyId=1&filterOrderBy=0&locationId=0&typeId=LandAgro,homes.bg,2176,2025-01-13,21948,,,,
"Земеделска земя, 1511m²","Категория 5, Ливада",23700.0,EUR,False, продажба,,Благоевград,с.Рилци,,,,https://homes.bg/offer/zemya-za-prodazhba/zemedelska-zemya-1511m2-blagoevgrad-s.rilci/la22659,5.0,2025-01-13 18:03:22.156701,https://www.homes.bg/api/offers??currencyId=1&filterOrderBy=0&locationId=0&typeId=LandAgro,homes.bg,2176,2025-01-13,22659,,,,
"Земеделска земя, 3002m²","Категория 5, Нива",300000.0,EUR,False, продажба,,Благоевград, Втора Промишлена Зона,,,,https://homes.bg/offer/zemya-za-prodazhba/zemedelska-zemya-3002m2-blagoevgrad-vtora-promishlena-zona/la22455,1.0,2025-01-13 18:03:22.156713,https://www.homes.bg/api/offers??currencyId=1&filterOrderBy=0&locationId=0&typeId=LandAgro,homes.bg,2176,2025-01-13,22455,,,,
"Земеделска земя, 828m²","Категория 6, Лозе",8280.0,ЛЕВА,False, продажба,,Симитли,с.Железница,,,,https://homes.bg/offer/zemya-za-prodazhba/zemedelska-zemya-828m2-simitli-s.zheleznica/la21918,1.0,2025-01-13 18:03:24.960019,https://www.homes.bg/api/offers??currencyId=1&filterOrderBy=0&locationId=0&typeId=LandAgro,homes.bg,2176,2025-01-13,21918,,,,
"Земеделска земя, 3501m²","Категория 5, Друго",33200.0,EUR,False, продажба,,Благоевград,кв. Грамада,,,,https://homes.bg/offer/zemya-za-prodazhba/zemedelska-zemya-3501m2-blagoevgrad-kv.-gramada/la23922,1.0,2025-01-13 18:03:24.960076,https://www.homes.bg/api/offers??currencyId=1&filterOrderBy=0&locationId=0&typeId=LandAgro,homes.bg,2176,2025-01-13,23922,,,,
"Земеделска земя, 2776m²","Категория 6, Лозе",22208.0,ЛЕВА,False, продажба,,Симитли,с.Железница,,,,https://homes.bg/offer/zemya-za-prodazhba/zemedelska-zemya-2776m2-simitli-s.zheleznica/la21929,1.0,2025-01-13 18:03:24.960098,https://www.homes.bg/api/offers??currencyId=1&filterOrderBy=0&locationId=0&typeId=LandAgro,homes.bg,2176,2025-01-13,21929,,,,
"Земеделска земя, 399m²","Категория 5, Нива",19000.0,ЛЕВА,False, продажба,,Благоевград, Втора Промишлена Зона,,,,https://homes.bg/offer/zemya-za-prodazhba/zemedelska-zemya-399m2-blagoevgrad-vtora-promishlena-zona/la23119,6.0,2025-01-13 18:03:24.960117,https://www.homes.bg/api/offers??currencyId=1&filterOrderBy=0&locationId=0&typeId=LandAgro,homes.bg,2176,2025-01-13,23119,,,,
"Земеделска земя, 1098m²","Категория 9, Лозе",7686.0,ЛЕВА,False, продажба,,Симитли,с.Железница,,,,https://homes.bg/offer/zemya-za-prodazhba/zemedelska-zemya-1098m2-simitli-s.zheleznica/la21917,1.0,2025-01-13 18:03:24.960132,https://www.homes.bg/api/offers??currencyId=1&filterOrderBy=0&locationId=0&typeId=LandAgro,homes.bg,2176,2025-01-13,21917,,,,
"Земеделска земя, 595m²","Категория 7, Ливада",4000.0,EUR,False, продажба,,Благоевград,с.Логодаж,,,,https://homes.bg/offer/zemya-za-prodazhba/zemedelska-zemya-595m2-blagoevgrad-s.logodazh/la22697,1.0,2025-01-13 18:03:24.960145,https://www.homes.bg/api/offers??currencyId=1&filterOrderBy=0&locationId=0&typeId=LandAgro,homes.bg,2176,2025-01-13,22697,,,,
"Земеделска земя, 1502m²","Категория 7, Нива",30000.0,ЛЕВА,False, продажба,,Благоевград,жк. Струмско,,,,https://homes.bg/offer/zemya-za-prodazhba/zemedelska-zemya-1502m2-blagoevgrad-zhk.-strumsko/la24494,1.0,2025-01-13 18:03:24.960160,https://www.homes.bg/api/offers??currencyId=1&filterOrderBy=0&locationId=0&typeId=LandAgro,homes.bg,2176,2025-01-13,24494,,,,
"Земеделска земя, 3134m²","Категория 9, Нива",94000.0,ЛЕВА,False, продажба,,Благоевград,с.Покровник,,,,https://homes.bg/offer/zemya-za-prodazhba/zemedelska-zemya-3134m2-blagoevgrad-s.pokrovnik/la22806,1.0,2025-01-13 18:03:24.960173,https://www.homes.bg/api/offers??currencyId=1&filterOrderBy=0&locationId=0&typeId=LandAgro,homes.bg,2176,2025-01-13,22806,,,,
"Земеделска земя, 10987m²","Категория 8, Пасище",56650.0,EUR,False, продажба,,Благоевград,с.Падеш,,,,https://homes.bg/offer/zemya-za-prodazhba/zemedelska-zemya-10987m2-blagoevgrad-s.padesh/la23628,10.0,2025-01-13 18:03:24.960190,https://www.homes.bg/api/offers??currencyId=1&filterOrderBy=0&locationId=0&typeId=LandAgro,homes.bg,2176,2025-01-13,23628,,,,
"Земеделска земя, 464m²",Друго,15500.0,EUR,False, продажба,,Благоевград,жк. Струмско,,,,https://homes.bg/offer/zemya-za-prodazhba/zemedelska-zemya-464m2-blagoevgrad-zhk.-strumsko/la23433,3.0,2025-01-13 18:03:24.960204,https://www.homes.bg/api/offers??currencyId=1&filterOrderBy=0&locationId=0&typeId=LandAgro,homes.bg,2176,2025-01-13,23433,,,,
"Земеделска земя, 1984m²","Категория 7, Нива",16500.0,EUR,False, продажба,,Благоевград, Втора Промишлена Зона,,,,https://homes.bg/offer/zemya-za-prodazhba/zemedelska-zemya-1984m2-blagoevgrad-vtora-promishlena-zona/la22294,4.0,2025-01-13 18:03:24.960220,https://www.homes.bg/api/offers??currencyId=1&filterOrderBy=0&locationId=0&typeId=LandAgro,homes.bg,2176,2025-01-13,22294,,,,
"Земеделска земя, 999m²","Категория 6, Нива",14985.0,EUR,False, продажба,,Благоевград,с.Логодаж,,,,https://homes.bg/offer/zemya-za-prodazhba/zemedelska-zemya-999m2-blagoevgrad-s.logodazh/la23005,7.0,2025-01-13 18:03:24.960238,https://www.homes.bg/api/offers??currencyId=1&filterOrderBy=0&locationId=0&typeId=LandAgro,homes.bg,2176,2025-01-13,23005,,,,
"Земеделска земя, 4553m²","Категория 10, Нива",20000.0,EUR,False, продажба,,Рила,с.Падала,,,,https://homes.bg/offer/zemya-za-prodazhba/zemedelska-zemya-4553m2-rila-s.padala/la23169,7.0,2025-01-13 18:03:24.960255,https://www.homes.bg/api/offers??currencyId=1&filterOrderBy=0&locationId=0&typeId=LandAgro,homes.bg,2176,2025-01-13,23169,,,,
"Земеделска земя, 2200m²","Категория 7, Нива",121000.0,ЛЕВА,False, продажба,,Симитли,с.Черниче,,,,https://homes.bg/offer/zemya-za-prodazhba/zemedelska-zemya-2200m2-simitli-s.cherniche/la22881,5.0,2025-01-13 18:03:24.960269,https://www.homes.bg/api/offers??currencyId=1&filterOrderBy=0&locationId=0&typeId=LandAgro,homes.bg,2176,2025-01-13,22881,,,,
"Земеделска земя, 1201m²","Категория 5, Нива",14500.0,EUR,False, продажба,,Благоевград, Втора Промишлена Зона,,,,https://homes.bg/offer/zemya-za-prodazhba/zemedelska-zemya-1201m2-blagoevgrad-vtora-promishlena-zona/la23049,3.0,2025-01-13 18:03:24.960283,https://www.homes.bg/api/offers??currencyId=1&filterOrderBy=0&locationId=0&typeId=LandAgro,homes.bg,2176,2025-01-13,23049,,,,
"Земеделска земя, 12000m²","Категория 4, Нива",480000.0,ЛЕВА,False, продажба,,Благоевград,жк. Струмско,,,,https://homes.bg/offer/zemya-za-prodazhba/zemedelska-zemya-12000m2-blagoevgrad-zhk.-strumsko/la22887,3.0,2025-01-13 18:03:24.960301,https://www.homes.bg/api/offers??currencyId=1&filterOrderBy=0&locationId=0&typeId=LandAgro,homes.bg,2176,2025-01-13,22887,,,,
"Земеделска земя, 1684m²","Категория 5, Ливада",12000.0,ЛЕВА,False, продажба,,Koчериново,гр.Кочериново,,,,https://homes.bg/offer/zemya-za-prodazhba/zemedelska-zemya-1684m2-kocherinovo-gr.kocherinovo/la24267,0.0,2025-01-13 18:03:24.960315,https://www.homes.bg/api/offers??currencyId=1&filterOrderBy=0&locationId=0&typeId=LandAgro,homes.bg,2176,2025-01-13,24267,,,,
"Земеделска земя, 721m²","Категория 7, Нива",7200.0,ЛЕВА,False, продажба,,Рила,гр.Рила,,,,https://homes.bg/offer/zemya-za-prodazhba/zemedelska-zemya-721m2-rila-gr.rila/la22159,2.0,2025-01-13 18:03:24.960330,https://www.homes.bg/api/offers??currencyId=1&filterOrderBy=0&locationId=0&typeId=LandAgro,homes.bg,2176,2025-01-13,22159,,,,
"Земеделска земя, 3120m²",Друго,98600.0,EUR,False, продажба,,София -,с.Чепинци,,,,https://homes.bg/offer/zemya-za-prodazhba/zemedelska-zemya-3120m2-sofiya---grad-s.chepinci/la34323,5.0,2025-01-13 18:03:24.960344,https://www.homes.bg/api/offers??currencyId=1&filterOrderBy=0&locationId=0&typeId=LandAgro,homes.bg,2176,2025-01-13,34323,,,,
"Земеделска земя, 1600m²",Друго,49000.0,EUR,False, продажба,,София -,с.Войнеговци,,,,https://homes.bg/offer/zemya-za-prodazhba/zemedelska-zemya-1600m2-sofiya---grad-s.vojnegovci/la34166,1.0,2025-01-13 18:03:24.960357,https://www.homes.bg/api/offers??currencyId=1&filterOrderBy=0&locationId=0&typeId=LandAgro,homes.bg,2176,2025-01-13,34166,,,,
"Земеделска земя, 30000m²","Категория 4, Нива",920000.0,EUR,False, продажба,,Куклен,гр.Куклен,,,,https://homes.bg/offer/zemya-za-prodazhba/zemedelska-zemya-30000m2-kuklen-gr.kuklen/la33867,3.0,2025-01-13 18:03:24.960372,https://www.homes.bg/api/offers??currencyId=1&filterOrderBy=0&locationId=0&typeId=LandAgro,homes.bg,2176,2025-01-13,33867,,,,
"Земеделска земя, 920m²","Категория 4, Нива",7000.0,EUR,False, продажба,,Куклен,гр.Куклен,,,,https://homes.bg/offer/zemya-za-prodazhba/zemedelska-zemya-920m2-kuklen-gr.kuklen/la33593,3.0,2025-01-13 18:03:24.960386,https://www.homes.bg/api/offers??currencyId=1&filterOrderBy=0&locationId=0&typeId=LandAgro,homes.bg,2176,2025-01-13,33593,,,,
"Земеделска земя, 3250m²",Нива,142000.0,EUR,False, продажба,,Пловдив,гр.Куклен,,,,https://homes.bg/offer/zemya-za-prodazhba/zemedelska-zemya-3250m2-plovdiv-gr.kuklen/la21766,1.0,2025-01-13 18:03:24.960400,https://www.homes.bg/api/offers??currencyId=1&filterOrderBy=0&locationId=0&typeId=LandAgro,homes.bg,2176,2025-01-13,21766,,,,
"Земеделска земя, 1700m²","Категория 4, Нива",17000.0,EUR,False, продажба,,Куклен,гр.Куклен,,,,https://homes.bg/offer/zemya-za-prodazhba/zemedelska-zemya-1700m2-kuklen-gr.kuklen/la33866,3.0,2025-01-13 18:03:24.960414,https://www.homes.bg/api/offers??currencyId=1&filterOrderBy=0&locationId=0&typeId=LandAgro,homes.bg,2176,2025-01-13,33866,,,,
"Земеделска земя, 13326m²","Категория 4, Нива",33315.0,ЛЕВА,False, продажба,,Пловдив,гр.Куклен,,,,https://homes.bg/offer/zemya-za-prodazhba/zemedelska-zemya-13326m2-plovdiv-gr.kuklen/la20355,0.0,2025-01-13 18:03:24.960427,https://www.homes.bg/api/offers??currencyId=1&filterOrderBy=0&locationId=0&typeId=LandAgro,homes.bg,2176,2025-01-13,20355,,,,
"Земеделска земя, 2743m²",,315000.0,EUR,False, продажба,,София,кв. Горна Баня,,,,https://homes.bg/offer/zemya-za-prodazhba/zemedelska-zemya-2743m2-sofiya-kv.-gorna-banya/la34425,2.0,2025-01-13 18:03:24.960440,https://www.homes.bg/api/offers??currencyId=1&filterOrderBy=0&locationId=0&typeId=LandAgro,homes.bg,2176,2025-01-13,34425,,,,
"Земеделска земя, 2503m²",,135000.0,EUR,False, продажба,,Пловдив,жк Южен,,,,https://homes.bg/offer/zemya-za-prodazhba/zemedelska-zemya-2503m2-plovdiv-zhk-juzhen/la34596,1.0,2025-01-13 18:03:24.960453,https://www.homes.bg/api/offers??currencyId=1&filterOrderBy=0&locationId=0&typeId=LandAgro,homes.bg,2176,2025-01-13,34596,,,,
"Земеделска земя, 6599m²",,84990.0,EUR,False, продажба,,Пловдив,с.Цалапица,,,,https://homes.bg/offer/zemya-za-prodazhba/zemedelska-zemya-6599m2-plovdiv-s.calapica/la24839,1.0,2025-01-13 18:03:24.960466,https://www.homes.bg/api/offers??currencyId=1&filterOrderBy=0&locationId=0&typeId=LandAgro,homes.bg,2176,2025-01-13,24839,,,,
"Земеделска земя, 3412m²",,31000.0,ЛЕВА,False, продажба,,Ямбол, Промишлена Зона ,,,,https://homes.bg/offer/zemya-za-prodazhba/zemedelska-zemya-3412m2-yambol-promishlena-zona/la33809,1.0,2025-01-13 18:03:24.960478,https://www.homes.bg/api/offers??currencyId=1&filterOrderBy=0&locationId=0&typeId=LandAgro,homes.bg,2176,2025-01-13,33809,,,,
"Земеделска земя, 3977m²","Категория 7, Друго",39000.0,ЛЕВА,False, продажба,,Благоевград,с.Логодаж,,,,https://homes.bg/offer/zemya-za-prodazhba/zemedelska-zemya-3977m2-blagoevgrad-s.logodazh/la21962,1.0,2025-01-13 18:03:24.960491,https://www.homes.bg/api/offers??currencyId=1&filterOrderBy=0&locationId=0&typeId=LandAgro,homes.bg,2176,2025-01-13,21962,,,,
"Земеделска земя, 464m²","Категория 4, Друго",15500.0,EUR,False, продажба,,Благоевград,жк. Струмско,,,,https://homes.bg/offer/zemya-za-prodazhba/zemedelska-zemya-464m2-blagoevgrad-zhk.-strumsko/la23234,3.0,2025-01-13 18:03:24.960505,https://www.homes.bg/api/offers??currencyId=1&filterOrderBy=0&locationId=0&typeId=LandAgro,homes.bg,2176,2025-01-13,23234,,,,
"Земеделска земя, 2194m²",Категория 9,21940.0,ЛЕВА,False, продажба,,Благоевград,жк. Еленово,,,,https://homes.bg/offer/zemya-za-prodazhba/zemedelska-zemya-2194m2-blagoevgrad-zhk.-elenovo/la21643,6.0,2025-01-13 18:03:24.960520,https://www.homes.bg/api/offers??currencyId=1&filterOrderBy=0&locationId=0&typeId=LandAgro,homes.bg,2176,2025-01-13,21643,,,,
"Земеделска земя, 8942m²","Категория 5, Друго",206800.0,EUR,False, продажба,,Бобошево,гр.Бобошево,,,,https://homes.bg/offer/zemya-za-prodazhba/zemedelska-zemya-8942m2-boboshevo-gr.boboshevo/la24137,1.0,2025-01-13 18:03:24.960533,https://www.homes.bg/api/offers??currencyId=1&filterOrderBy=0&locationId=0&typeId=LandAgro,homes.bg,2176,2025-01-13,24137,,,,
"Земеделска земя, 4500m²","Категория 7, Нива",10000.0,EUR,False, продажба,,Благоевград,с.Дъбрава,,,,https://homes.bg/offer/zemya-za-prodazhba/zemedelska-zemya-4500m2-blagoevgrad-s.dybrava/la22083,1.0,2025-01-13 18:03:24.960546,https://www.homes.bg/api/offers??currencyId=1&filterOrderBy=0&locationId=0&typeId=LandAgro,homes.bg,2176,2025-01-13,22083,,,,
"Земеделска земя, 3500m²","Категория 5, Нива",35000.0,EUR,False, продажба,,Благоевград,с.Бучино,,,,https://homes.bg/offer/zemya-za-prodazhba/zemedelska-zemya-3500m2-blagoevgrad-s.buchino/la21124,6.0,2025-01-13 18:03:24.960561,https://www.homes.bg/api/offers??currencyId=1&filterOrderBy=0&locationId=0&typeId=LandAgro,homes.bg,2176,2025-01-13,21124,,,,
"Земеделска земя, 3500m²","Категория 5, Нива",53000.0,EUR,False, продажба,,Благоевград, Втора Промишлена Зона,,,,https://homes.bg/offer/zemya-za-prodazhba/zemedelska-zemya-3500m2-blagoevgrad-vtora-promishlena-zona/la21342,1.0,2025-01-13 18:03:24.960575,https://www.homes.bg/api/offers??currencyId=1&filterOrderBy=0&locationId=0&typeId=LandAgro,homes.bg,2176,2025-01-13,21342,,,,
"Земеделска земя, 4006m²","Категория 7, Нива",17000.0,ЛЕВА,False, продажба,,Благоевград,с.Дъбрава,,,,https://homes.bg/offer/zemya-za-prodazhba/zemedelska-zemya-4006m2-blagoevgrad-s.dybrava/la22158,1.0,2025-01-13 18:03:24.960587,https://www.homes.bg/api/offers??currencyId=1&filterOrderBy=0&locationId=0&typeId=LandAgro,homes.bg,2176,2025-01-13,22158,,,,
"Земеделска земя, 3006m²",,60120.0,ЛЕВА,False, продажба,,Благоевград,жк. Струмско,,,,https://homes.bg/offer/zemya-za-prodazhba/zemedelska-zemya-3006m2-blagoevgrad-zhk.-strumsko/la21278,1.0,2025-01-13 18:03:24.960601,https://www.homes.bg/api/offers??currencyId=1&filterOrderBy=0&locationId=0&typeId=LandAgro,homes.bg,2176,2025-01-13,21278,,,,
"Земеделска земя, 1640m²","Категория 7, Нива",38000.0,EUR,False, продажба,,Благоевград, Първа Промишлена Зона,,,,https://homes.bg/offer/zemya-za-prodazhba/zemedelska-zemya-1640m2-blagoevgrad-pyrva-promishlena-zona/la22319,6.0,2025-01-13 18:03:24.960616,https://www.homes.bg/api/offers??currencyId=1&filterOrderBy=0&locationId=0&typeId=LandAgro,homes.bg,2176,2025-01-13,22319,,,,
"Земеделска земя, 4000m²","Категория 5, Нива",60000.0,ЛЕВА,False, продажба,,Благоевград, Втора Промишлена Зона,,,,https://homes.bg/offer/zemya-za-prodazhba/zemedelska-zemya-4000m2-blagoevgrad-vtora-promishlena-zona/la24561,4.0,2025-01-13 18:03:24.960631,https://www.homes.bg/api/offers??currencyId=1&filterOrderBy=0&locationId=0&typeId=LandAgro,homes.bg,2176,2025-01-13,24561,,,,
"Земеделска земя, 97469m²","Категория 8, Друго",487000.0,ЛЕВА,False, продажба,,Рила,гр.Рила,,,,https://homes.bg/offer/zemya-za-prodazhba/zemedelska-zemya-97469m2-rila-gr.rila/la24235,1.0,2025-01-13 18:03:24.960644,https://www.homes.bg/api/offers??currencyId=1&filterOrderBy=0&locationId=0&typeId=LandAgro,homes.bg,2176,2025-01-13,24235,,,,
"Земеделска земя, 2000m²","Категория 5, Нива",46000.0,EUR,False, продажба,,Благоевград, Втора Промишлена Зона,,,,https://homes.bg/offer/zemya-za-prodazhba/zemedelska-zemya-2000m2-blagoevgrad-vtora-promishlena-zona/la24958,6.0,2025-01-13 18:03:24.960659,https://www.homes.bg/api/offers??currencyId=1&filterOrderBy=0&locationId=0&typeId=LandAgro,homes.bg,2176,2025-01-13,24958,,,,
"Земеделска земя, 1001m²","Категория 2, Нива",20000.0,EUR,False, продажба,,Благоевград,жк. Баларбаши,,,,https://homes.bg/offer/zemya-za-prodazhba/zemedelska-zemya-1001m2-blagoevgrad-zhk.-balarbashi/la20459,6.0,2025-01-13 18:03:24.960673,https://www.homes.bg/api/offers??currencyId=1&filterOrderBy=0&locationId=0&typeId=LandAgro,homes.bg,2176,2025-01-13,20459,,,,
"Земеделска земя, 2995m²",Гора,164725.0,EUR,False, продажба,,Бургас,гр.Созопол,,,,https://homes.bg/offer/zemya-za-prodazhba/zemedelska-zemya-2995m2-burgas-gr.sozopol/la23926,1.0,2025-01-13 18:03:24.960686,https://www.homes.bg/api/offers??currencyId=1&filterOrderBy=0&locationId=0&typeId=LandAgro,homes.bg,2176,2025-01-13,23926,,,,
"Земеделска земя, 6094m²","Категория 10, Нива",250000.0,EUR,False, продажба,,Пловдив,кв. Прослав,,,,https://homes.bg/offer/zemya-za-prodazhba/zemedelska-zemya-6094m2-plovdiv-kv.-proslav/la34273,2.0,2025-01-13 18:03:24.960700,https://www.homes.bg/api/offers??currencyId=1&filterOrderBy=0&locationId=0&typeId=LandAgro,homes.bg,2176,2025-01-13,34273,,,,
"Земеделска земя, 3694m²","Категория 4, Лозе",22000.0,EUR,False, продажба,,Пловдив,кв. Прослав,,,,https://homes.bg/offer/zemya-za-prodazhba/zemedelska-zemya-3694m2-plovdiv-kv.-proslav/la33878,2.0,2025-01-13 18:03:24.960713,https://www.homes.bg/api/offers??currencyId=1&filterOrderBy=0&locationId=0&typeId=LandAgro,homes.bg,2176,2025-01-13,33878,,,,
"Земеделска земя, 15000m²","Категория 4, Нива",0.0,EUR,False, продажба,,Севлиево,с.Дебелцово,,,,https://homes.bg/offer/zemya-za-prodazhba/zemedelska-zemya-15000m2-sevlievo-s.debelcovo/la20526,5.0,2025-01-13 18:03:24.960728,https://www.homes.bg/api/offers??currencyId=1&filterOrderBy=0&locationId=0&typeId=LandAgro,homes.bg,2176,2025-01-13,20526,,,,
"Земеделска земя, 5100m²","Категория 4, Нива",0.0,EUR,False, продажба,,Севлиево,гр.Севлиево,,,,https://homes.bg/offer/zemya-za-prodazhba/zemedelska-zemya-5100m2-sevlievo-gr.sevlievo/la22601,4.0,2025-01-13 18:03:24.960742,https://www.homes.bg/api/offers??currencyId=1&filterOrderBy=0&locationId=0&typeId=LandAgro,homes.bg,2176,2025-01-13,22601,,,,
"Земеделска земя, 6000m²","Категория 3, Нива",6000.0,EUR,False, продажба,,Велико Търново, Вилна Зона,,,,https://homes.bg/offer/zemya-za-prodazhba/zemedelska-zemya-6000m2-veliko-tyrnovo-vilna-zona/la22602,3.0,2025-01-13 18:03:24.960756,https://www.homes.bg/api/offers??currencyId=1&filterOrderBy=0&locationId=0&typeId=LandAgro,homes.bg,2176,2025-01-13,22602,,,,
"Земеделска земя, 5080m²","Категория 4, Нива",5000.0,EUR,False, продажба,,Велико Търново, Вилна Зона,,,,https://homes.bg/offer/zemya-za-prodazhba/zemedelska-zemya-5080m2-veliko-tyrnovo-vilna-zona/la17944,3.0,2025-01-13 18:03:24.960769,https://www.homes.bg/api/offers??currencyId=1&filterOrderBy=0&locationId=0&typeId=LandAgro,homes.bg,2176,2025-01-13,17944,,,,
"Земеделска земя, 9500m²","Категория 3, Нива",0.0,EUR,False, продажба,,Велико Търново, Вилна Зона,,,,https://homes.bg/offer/zemya-za-prodazhba/zemedelska-zemya-9500m2-veliko-tyrnovo-vilna-zona/la23257,3.0,2025-01-13 18:03:24.960783,https://www.homes.bg/api/offers??currencyId=1&filterOrderBy=0&locationId=0&typeId=LandAgro,homes.bg,2176,2025-01-13,23257,,,,
"Земеделска земя, 360000m²",,800000.0,ЛЕВА,False, продажба,,Сливен,с.Кортен,,,,https://homes.bg/offer/zemya-za-prodazhba/zemedelska-zemya-360000m2-sliven-s.korten/la34689,10.0,2025-01-13 18:03:24.960798,https://www.homes.bg/api/offers??currencyId=1&filterOrderBy=0&locationId=0&typeId=LandAgro,homes.bg,2176,2025-01-13,34689,,,,
"Земеделска земя, 22256m²",Друго,667680.0,EUR,False, продажба,,Бургас,жк. Изгрев,,,,https://homes.bg/offer/zemya-za-prodazhba/zemedelska-zemya-22256m2-burgas-zhk.-izgrev/la34568,2.0,2025-01-13 18:03:24.960811,https://www.homes.bg/api/offers??currencyId=1&filterOrderBy=0&locationId=0&typeId=LandAgro,homes.bg,2176,2025-01-13,34568,,,,
"Земеделска земя, 4000m²","Категория 4, Овощна градина",3600.0,EUR,False, продажба,,Велико Търново,с.Войнежа,,,,https://homes.bg/offer/zemya-za-prodazhba/zemedelska-zemya-4000m2-veliko-tyrnovo-s.vojnezha/la33889,10.0,2025-01-13 18:03:24.960826,https://www.homes.bg/api/offers??currencyId=1&filterOrderBy=0&locationId=0&typeId=LandAgro,homes.bg,2176,2025-01-13,33889,,,,
"Земеделска земя, 3393m²",,101790.0,ЛЕВА,False, продажба,,Благоевград,с.Полена,,,,https://homes.bg/offer/zemya-za-prodazhba/zemedelska-zemya-3393m2-blagoevgrad-s.polena/la22784,1.0,2025-01-13 18:03:24.960839,https://www.homes.bg/api/offers??currencyId=1&filterOrderBy=0&locationId=0&typeId=LandAgro,homes.bg,2176,2025-01-13,22784,,,,
"Земеделска земя, 3400m²","Категория 7, Нива",46000.0,EUR,False, продажба,,Благоевград, Втора Промишлена Зона,,,,https://homes.bg/offer/zemya-za-prodazhba/zemedelska-zemya-3400m2-blagoevgrad-vtora-promishlena-zona/la22869,1.0,2025-01-13 18:03:24.960852,https://www.homes.bg/api/offers??currencyId=1&filterOrderBy=0&locationId=0&typeId=LandAgro,homes.bg,2176,2025-01-13,22869,,,,
"Земеделска земя, 2063m²","Категория 9, Ливада",20630.0,ЛЕВА,False, продажба,,Благоевград,жк. Еленово,,,,https://homes.bg/offer/zemya-za-prodazhba/zemedelska-zemya-2063m2-blagoevgrad-zhk.-elenovo/la21645,5.0,2025-01-13 18:03:24.960866,https://www.homes.bg/api/offers??currencyId=1&filterOrderBy=0&locationId=0&typeId=LandAgro,homes.bg,2176,2025-01-13,21645,,,,
"Земеделска земя, 1625m²","Категория 7, Нива",67500.0,ЛЕВА,False, продажба,,Благоевград, Втора Промишлена Зона,,,,https://homes.bg/offer/zemya-za-prodazhba/zemedelska-zemya-1625m2-blagoevgrad-vtora-promishlena-zona/la24509,3.0,2025-01-13 18:03:24.960879,https://www.homes.bg/api/offers??currencyId=1&filterOrderBy=0&locationId=0&typeId=LandAgro,homes.bg,2176,2025-01-13,24509,,,,
"Земеделска земя, 2000m²","Категория 7, Нива",63100.0,ЛЕВА,False, продажба,,Благоевград, Втора Промишлена Зона,,,,https://homes.bg/offer/zemya-za-prodazhba/zemedelska-zemya-2000m2-blagoevgrad-vtora-promishlena-zona/la21885,3.0,2025-01-13 18:03:24.960892,https://www.homes.bg/api/offers??currencyId=1&filterOrderBy=0&locationId=0&typeId=LandAgro,homes.bg,2176,2025-01-13,21885,,,,
"Земеделска земя, 1000m²","Категория 6, Нива",30600.0,EUR,False, продажба,,Благоевград,с.Българчево,,,,https://homes.bg/offer/zemya-za-prodazhba/zemedelska-zemya-1000m2-blagoevgrad-s.bylgarchevo/la24644,4.0,2025-01-13 18:03:24.960905,https://www.homes.bg/api/offers??currencyId=1&filterOrderBy=0&locationId=0&typeId=LandAgro,homes.bg,2176,2025-01-13,24644,,,,
"Земеделска земя, 700m²","Категория 7, Лозе",12500.0,EUR,False, продажба,,Благоевград,с.Дъбрава,,,,https://homes.bg/offer/zemya-za-prodazhba/zemedelska-zemya-700m2-blagoevgrad-s.dybrava/la23864,3.0,2025-01-13 18:03:24.960918,https://www.homes.bg/api/offers??currencyId=1&filterOrderBy=0&locationId=0&typeId=LandAgro,homes.bg,2176,2025-01-13,23864,,,,
"Земеделска земя, 1333m²","Категория 10, Овощна градина",93310.0,ЛЕВА,False, продажба,,Благоевград,жк. Еленово,,,,https://homes.bg/offer/zemya-za-prodazhba/zemedelska-zemya-1333m2-blagoevgrad-zhk.-elenovo/la21642,4.0,2025-01-13 18:03:24.960931,https://www.homes.bg/api/offers??currencyId=1&filterOrderBy=0&locationId=0&typeId=LandAgro,homes.bg,2176,2025-01-13,21642,,,,
"Земеделска земя, 10081m²","Категория 7, Нива",82700.0,ЛЕВА,False, продажба,,Благоевград,жк. Еленово,,,,https://homes.bg/offer/zemya-za-prodazhba/zemedelska-zemya-10081m2-blagoevgrad-zhk.-elenovo/la22015,1.0,2025-01-13 18:03:24.960944,https://www.homes.bg/api/offers??currencyId=1&filterOrderBy=0&locationId=0&typeId=LandAgro,homes.bg,2176,2025-01-13,22015,,,,
"Земеделска земя, 2001m²","Категория 7, Ливада",40000.0,ЛЕВА,False, продажба,,Симитли,с.Черниче,,,,https://homes.bg/offer/zemya-za-prodazhba/zemedelska-zemya-2001m2-simitli-s.cherniche/la22875,4.0,2025-01-13 18:03:24.960957,https://www.homes.bg/api/offers??currencyId=1&filterOrderBy=0&locationId=0&typeId=LandAgro,homes.bg,2176,2025-01-13,22875,,,,
"Земеделска земя, 1000m²","Категория 6, Нива",8000.0,ЛЕВА,False, продажба,,Благоевград,с.Логодаж,,,,https://homes.bg/offer/zemya-za-prodazhba/zemedelska-zemya-1000m2-blagoevgrad-s.logodazh/la21840,6.0,2025-01-13 18:03:24.960971,https://www.homes.bg/api/offers??currencyId=1&filterOrderBy=0&locationId=0&typeId=LandAgro,homes.bg,2176,2025-01-13,21840,,,,
"Земеделска земя, 940m²","Категория 7, Ливада",37600.0,EUR,False, продажба,,Благоевград, Втора Промишлена Зона,,,,https://homes.bg/offer/zemya-za-prodazhba/zemedelska-zemya-940m2-blagoevgrad-vtora-promishlena-zona/la22518,1.0,2025-01-13 18:03:24.960983,https://www.homes.bg/api/offers??currencyId=1&filterOrderBy=0&locationId=0&typeId=LandAgro,homes.bg,2176,2025-01-13,22518,,,,
"Земеделска земя, 2002m²","Категория 7, Нива",21020.0,ЛЕВА,False, продажба,,Благоевград,с.Дъбрава,,,,https://homes.bg/offer/zemya-za-prodazhba/zemedelska-zemya-2002m2-blagoevgrad-s.dybrava/la22215,1.0,2025-01-13 18:03:24.960996,https://www.homes.bg/api/offers??currencyId=1&filterOrderBy=0&locationId=0&typeId=LandAgro,homes.bg,2176,2025-01-13,22215,,,,
"Земеделска земя, 3051m²","Категория 7, Нива",30510.0,EUR,False, продажба,,Благоевград,с.Дъбрава,,,,https://homes.bg/offer/zemya-za-prodazhba/zemedelska-zemya-3051m2-blagoevgrad-s.dybrava/la22160,1.0,2025-01-13 18:03:24.961009,https://www.homes.bg/api/offers??currencyId=1&filterOrderBy=0&locationId=0&typeId=LandAgro,homes.bg,2176,2025-01-13,22160,,,,
"Земеделска земя, 2997m²","Категория 5, Ливада",61200.0,ЛЕВА,False, продажба,,Благоевград, Втора Промишлена Зона,,,,https://homes.bg/offer/zemya-za-prodazhba/zemedelska-zemya-2997m2-blagoevgrad-vtora-promishlena-zona/la20721,2.0,2025-01-13 18:03:24.961022,https://www.homes.bg/api/offers??currencyId=1&filterOrderBy=0&locationId=0&typeId=LandAgro,homes.bg,2176,2025-01-13,20721,,,,
"Земеделска земя, 2892m²","Категория 7, Нива",28920.0,EUR,False, продажба,,Благоевград,с.Дъбрава,,,,https://homes.bg/offer/zemya-za-prodazhba/zemedelska-zemya-2892m2-blagoevgrad-s.dybrava/la22161,1.0,2025-01-13 18:03:24.961035,https://www.homes.bg/api/offers??currencyId=1&filterOrderBy=0&locationId=0&typeId=LandAgro,homes.bg,2176,2025-01-13,22161,,,,
"Земеделска земя, 562m²","Категория 5, Ливада",7670.0,EUR,False, продажба,,Koчериново,гр.Кочериново,,,,https://homes.bg/offer/zemya-za-prodazhba/zemedelska-zemya-562m2-kocherinovo-gr.kocherinovo/la22212,6.0,2025-01-13 18:03:24.961049,https://www.homes.bg/api/offers??currencyId=1&filterOrderBy=0&locationId=0&typeId=LandAgro,homes.bg,2176,2025-01-13,22212,,,,
"Земеделска земя, 1500m²","Категория 7, Нива",30000.0,EUR,False, продажба,,Koчериново,с.Стоб,,,,https://homes.bg/offer/zemya-za-prodazhba/zemedelska-zemya-1500m2-kocherinovo-s.stob/la22155,2.0,2025-01-13 18:03:24.961062,https://www.homes.bg/api/offers??currencyId=1&filterOrderBy=0&locationId=0&typeId=LandAgro,homes.bg,2176,2025-01-13,22155,,,,
"Земеделска земя, 701m²","Категория 4, Нива",29000.0,EUR,False, продажба,,Благоевград, Първа Промишлена Зона,,,,https://homes.bg/offer/zemya-za-prodazhba/zemedelska-zemya-701m2-blagoevgrad-pyrva-promishlena-zona/la24492,3.0,2025-01-13 18:03:24.961076,https://www.homes.bg/api/offers??currencyId=1&filterOrderBy=0&locationId=0&typeId=LandAgro,homes.bg,2176,2025-01-13,24492,,,,
"Земеделска земя, 6100m²",,54000.0,ЛЕВА,False, продажба,,Пловдив,с.Марино Поле,,,,https://homes.bg/offer/zemya-za-prodazhba/zemedelska-zemya-6100m2-plovdiv-s.marino-pole/la34139,2.0,2025-01-13 18:03:24.961088,https://www.homes.bg/api/offers??currencyId=1&filterOrderBy=0&locationId=0&typeId=LandAgro,homes.bg,2176,2025-01-13,34139,,,,
"Земеделска земя, 4000m²","Категория 5, Нива",115000.0,ЛЕВА,False, продажба,,Хасково,жк. Бадема,,,,https://homes.bg/offer/zemya-za-prodazhba/zemedelska-zemya-4000m2-haskovo-zhk.-badema/la23943,0.0,2025-01-13 18:03:24.961100,https://www.homes.bg/api/offers??currencyId=1&filterOrderBy=0&locationId=0&typeId=LandAgro,homes.bg,2176,2025-01-13,23943,,,,
"Земеделска земя, 43000m²",,189200.0,EUR,False, продажба,,Софийска,с.Горно Камарци,,,,https://homes.bg/offer/zemya-za-prodazhba/zemedelska-zemya-43000m2-sofijska-s.gorno-kamarci/la23880,4.0,2025-01-13 18:03:24.961114,https://www.homes.bg/api/offers??currencyId=1&filterOrderBy=0&locationId=0&typeId=LandAgro,homes.bg,2176,2025-01-13,23880,,,,
"Земеделска земя, 2340m²","Категория 4, Друго",171000.0,EUR,False, продажба,,Бургас,кв. Крайморие,,,,https://homes.bg/offer/zemya-za-prodazhba/zemedelska-zemya-2340m2-burgas-kv.-krajmorie/la34727,0.0,2025-01-13 18:03:24.961127,https://www.homes.bg/api/offers??currencyId=1&filterOrderBy=0&locationId=0&typeId=LandAgro,homes.bg,2176,2025-01-13,34727,,,,
"Земеделска земя, 6000m²","Категория 5, Нива",12500.0,EUR,False, продажба,,Раковски,с.Шишманци,,,,https://homes.bg/offer/zemya-za-prodazhba/zemedelska-zemya-6000m2-rakovski-s.shishmanci/la22535,3.0,2025-01-13 18:03:24.961140,https://www.homes.bg/api/offers??currencyId=1&filterOrderBy=0&locationId=0&typeId=LandAgro,homes.bg,2176,2025-01-13,22535,,,,
"Земеделска земя, 3782m²","Категория 4, Нива",38000.0,EUR,False, продажба,,Пловдив,с.Труд,,,,https://homes.bg/offer/zemya-za-prodazhba/zemedelska-zemya-3782m2-plovdiv-s.trud/la20492,2.0,2025-01-13 18:03:24.961154,https://www.homes.bg/api/offers??currencyId=1&filterOrderBy=0&locationId=0&typeId=LandAgro,homes.bg,2176,2025-01-13,20492,,,,
"Земеделска земя, 8300m²","Категория 4, Нива",10500.0,EUR,False, продажба,,Раковски,с.Чалъкови,,,,https://homes.bg/offer/zemya-za-prodazhba/zemedelska-zemya-8300m2-rakovski-s.chalykovi/la33976,3.0,2025-01-13 18:03:24.961167,https://www.homes.bg/api/offers??currencyId=1&filterOrderBy=0&locationId=0&typeId=LandAgro,homes.bg,2176,2025-01-13,33976,,,,
"Земеделска земя, 6000m²","Категория 4, Нива",35000.0,EUR,False, продажба,,Раковски,с.Белозем,,,,https://homes.bg/offer/zemya-za-prodazhba/zemedelska-zemya-6000m2-rakovski-s.belozem/la23138,5.0,2025-01-13 18:03:24.961180,https://www.homes.bg/api/offers??currencyId=1&filterOrderBy=0&locationId=0&typeId=LandAgro,homes.bg,2176,2025-01-13,23138,,,,
"Земеделска земя, 4000m²","Категория 5, Нива",22000.0,ЛЕВА,False, продажба,,Раковски,с.Стряма,,,,https://homes.bg/offer/zemya-za-prodazhba/zemedelska-zemya-4000m2-rakovski-s.stryama/la34357,3.0,2025-01-13 18:03:24.961193,https://www.homes.bg/api/offers??currencyId=1&filterOrderBy=0&locationId=0&typeId=LandAgro,homes.bg,2176,2025-01-13,34357,,,,
"Земеделска земя, 4000m²","Категория 4, Нива",60000.0,EUR,False, продажба,,Пловдив,с.Костиево,,,,https://homes.bg/offer/zemya-za-prodazhba/zemedelska-zemya-4000m2-plovdiv-s.kostievo/la21442,0.0,2025-01-13 18:03:24.961205,https://www.homes.bg/api/offers??currencyId=1&filterOrderBy=0&locationId=0&typeId=LandAgro,homes.bg,2176,2025-01-13,21442,,,,
"Земеделска земя, 7800m²","Категория 5, Овощна градина",47000.0,ЛЕВА,False, продажба,,Марица,с.Костиево,,,,https://homes.bg/offer/zemya-za-prodazhba/zemedelska-zemya-7800m2-marica-s.kostievo/la33696,4.0,2025-01-13 18:03:24.961218,https://www.homes.bg/api/offers??currencyId=1&filterOrderBy=0&locationId=0&typeId=LandAgro,homes.bg,2176,2025-01-13,33696,,,,
"Земеделска земя, 10400m²","Категория 4, Овощна градина",54500.0,ЛЕВА,False, продажба,,Родопи,с.Крумово,,,,https://homes.bg/offer/zemya-za-prodazhba/zemedelska-zemya-10400m2-rodopi-s.krumovo/la34329,3.0,2025-01-13 18:03:24.961231,https://www.homes.bg/api/offers??currencyId=1&filterOrderBy=0&locationId=0&typeId=LandAgro,homes.bg,2176,2025-01-13,34329,,,,
"Земеделска земя, 8700m²",Нива,34800.0,EUR,False, продажба,,Пловдив,с.Стряма,,,,https://homes.bg/offer/zemya-za-prodazhba/zemedelska-zemya-8700m2-plovdiv-s.stryama/la19603,0.0,2025-01-13 18:03:24.961243,https://www.homes.bg/api/offers??currencyId=1&filterOrderBy=0&locationId=0&typeId=LandAgro,homes.bg,2176,2025-01-13,19603,,,,
"Земеделска земя, 17000m²","Категория 4, Нива",28000.0,ЛЕВА,False, продажба,,Минерални бани,с.Сусам,,,,https://homes.bg/offer/zemya-za-prodazhba/zemedelska-zemya-17000m2-mineralni-bani-s.susam/la33938,2.0,2025-01-13 18:03:24.961256,https://www.homes.bg/api/offers??currencyId=1&filterOrderBy=0&locationId=0&typeId=LandAgro,homes.bg,2176,2025-01-13,33938,,,,
"Земеделска земя, 8000m²","Категория 4, Нива",204000.0,EUR,False, продажба,,Пловдив,с.Костиево,,,,https://homes.bg/offer/zemya-za-prodazhba/zemedelska-zemya-8000m2-plovdiv-s.kostievo/la20154,0.0,2025-01-13 18:03:24.961268,https://www.homes.bg/api/offers??currencyId=1&filterOrderBy=0&locationId=0&typeId=LandAgro,homes.bg,2176,2025-01-13,20154,,,,
"Земеделска земя, 3100m²","Категория 6, Овощна градина",12000.0,ЛЕВА,False, продажба,,Хисаря,с.Старо Железаре,,,,https://homes.bg/offer/zemya-za-prodazhba/zemedelska-zemya-3100m2-hisarya-s.staro-zhelezare/la34319,2.0,2025-01-13 18:03:24.961281,https://www.homes.bg/api/offers??currencyId=1&filterOrderBy=0&locationId=0&typeId=LandAgro,homes.bg,2176,2025-01-13,34319,,,,
"Земеделска земя, 3300m²",Нива,68000.0,ЛЕВА,False, продажба,,Марица,с.Костиево,,,,https://homes.bg/offer/zemya-za-prodazhba/zemedelska-zemya-3300m2-marica-s.kostievo/la23481,0.0,2025-01-13 18:03:24.961293,https://www.homes.bg/api/offers??currencyId=1&filterOrderBy=0&locationId=0&typeId=LandAgro,homes.bg,2176,2025-01-13,23481,,,,
"Земеделска земя, 12000m²","Категория 4, Овощна градина",62000.0,ЛЕВА,False, продажба,,Стамболийски,с.Ново Село,,,,https://homes.bg/offer/zemya-za-prodazhba/zemedelska-zemya-12000m2-stambolijski-s.novo-selo/la34316,0.0,2025-01-13 18:03:24.961305,https://www.homes.bg/api/offers??currencyId=1&filterOrderBy=0&locationId=0&typeId=LandAgro,homes.bg,2176,2025-01-13,34316,,,,
"Земеделска земя, 40500m²","Категория 4, Нива",1012500.0,EUR,False, продажба,,Пловдив,с.Костиево,,,,https://homes.bg/offer/zemya-za-prodazhba/zemedelska-zemya-40500m2-plovdiv-s.kostievo/la21439,1.0,2025-01-13 18:03:24.961318,https://www.homes.bg/api/offers??currencyId=1&filterOrderBy=0&locationId=0&typeId=LandAgro,homes.bg,2176,2025-01-13,21439,,,,
"Земеделска земя, 1233m²",,10000.0,EUR,False, продажба,,Плевен,жк. Кайлъка,,,,https://homes.bg/offer/zemya-za-prodazhba/zemedelska-zemya-1233m2-pleven-zhk.-kajlyka/la34708,1.0,2025-01-13 18:03:24.961331,https://www.homes.bg/api/offers??currencyId=1&filterOrderBy=0&locationId=0&typeId=LandAgro,homes.bg,2176,2025-01-13,34708,,,,
"Земеделска земя, 4650m²",,10800.0,EUR,False, продажба,,Пловдив,с.Златитрап,,,,https://homes.bg/offer/zemya-za-prodazhba/zemedelska-zemya-4650m2-plovdiv-s.zlatitrap/la34693,1.0,2025-01-13 18:03:24.961344,https://www.homes.bg/api/offers??currencyId=1&filterOrderBy=0&locationId=0&typeId=LandAgro,homes.bg,2176,2025-01-13,34693,,,,
"Земеделска земя, 1048m²",,65000.0,EUR,False, продажба,,Перник,с.Рударци,,,,https://homes.bg/offer/zemya-za-prodazhba/zemedelska-zemya-1048m2-pernik-s.rudarci/la24961,3.0,2025-01-13 18:03:24.961357,https://www.homes.bg/api/offers??currencyId=1&filterOrderBy=0&locationId=0&typeId=LandAgro,homes.bg,2176,2025-01-13,24961,,,,
"Земеделска земя, 351m²",,31200.0,ЛЕВА,False, продажба,,Благоевград,жк. Струмско,,,,https://homes.bg/offer/zemya-za-prodazhba/zemedelska-zemya-351m2-blagoevgrad-zhk.-strumsko/la34631,1.0,2025-01-13 18:03:24.961370,https://www.homes.bg/api/offers??currencyId=1&filterOrderBy=0&locationId=0&typeId=LandAgro,homes.bg,2176,2025-01-13,34631,,,,
"Земеделска земя, 365m²",,31200.0,ЛЕВА,False, продажба,,Благоевград,жк. Струмско,,,,https://homes.bg/offer/zemya-za-prodazhba/zemedelska-zemya-365m2-blagoevgrad-zhk.-strumsko/la34632,1.0,2025-01-13 18:03:24.961382,https://www.homes.bg/api/offers??currencyId=1&filterOrderBy=0&locationId=0&typeId=LandAgro,homes.bg,2176,2025-01-13,34632,,,,
"Земеделска земя, 5170m²",,180950.0,EUR,False, продажба,,Пловдив,кв. Остромила,,,,https://homes.bg/offer/zemya-za-prodazhba/zemedelska-zemya-5170m2-plovdiv-kv.-ostromila/la24891,1.0,2025-01-13 18:03:24.961395,https://www.homes.bg/api/offers??currencyId=1&filterOrderBy=0&locationId=0&typeId=LandAgro,homes.bg,2176,2025-01-13,24891,,,,
"Земеделска земя, 5870m²","Категория 5, Нива",0.0,EUR,False, продажба,,Разлог,гр.Разлог,,,,https://homes.bg/offer/zemya-za-prodazhba/zemedelska-zemya-5870m2-razlog-gr.razlog/la20361,1.0,2025-01-13 18:03:24.961408,https://www.homes.bg/api/offers??currencyId=1&filterOrderBy=0&locationId=0&typeId=LandAgro,homes.bg,2176,2025-01-13,20361,,,,
"Земеделска земя, 1886m²","Категория 6, Ливада",0.0,EUR,False, продажба,,Разлог,гр.Разлог,,,,https://homes.bg/offer/zemya-za-prodazhba/zemedelska-zemya-1886m2-razlog-gr.razlog/la20365,1.0,2025-01-13 18:03:24.961427,https://www.homes.bg/api/offers??currencyId=1&filterOrderBy=0&locationId=0&typeId=LandAgro,homes.bg,2176,2025-01-13,20365,,,,
"Земеделска земя, 1501m²","Категория 5, Ливада",0.0,EUR,False, продажба,,Разлог,гр.Разлог,,,,https://homes.bg/offer/zemya-za-prodazhba/zemedelska-zemya-1501m2-razlog-gr.razlog/la20360,1.0,2025-01-13 18:03:27.764032,https://www.homes.bg/api/offers??currencyId=1&filterOrderBy=0&locationId=0&typeId=LandAgro,homes.bg,2176,2025-01-13,20360,,,,
"Земеделска земя, 102915m²",Гора,33240.0,EUR,False, продажба,,Софийска,с.Искрец,,,,https://homes.bg/offer/zemya-za-prodazhba/zemedelska-zemya-102915m2-sofijska-s.iskrec/la34276,3.0,2025-01-13 18:03:27.764113,https://www.homes.bg/api/offers??currencyId=1&filterOrderBy=0&locationId=0&typeId=LandAgro,homes.bg,2176,2025-01-13,34276,,,,
"Земеделска земя, 3393m²",,136000.0,EUR,False, продажба,,Пловдив,кв. Коматево,,,,https://homes.bg/offer/zemya-za-prodazhba/zemedelska-zemya-3393m2-plovdiv-kv.-komatevo/la26420,3.0,2025-01-13 18:03:27.764131,https://www.homes.bg/api/offers??currencyId=1&filterOrderBy=0&locationId=0&typeId=LandAgro,homes.bg,2176,2025-01-13,26420,,,,
"Земеделска земя, 1502m²",,24000.0,ЛЕВА,False, продажба,,Благоевград,с.Логодаж,,,,https://homes.bg/offer/zemya-za-prodazhba/zemedelska-zemya-1502m2-blagoevgrad-s.logodazh/la34712,1.0,2025-01-13 18:03:27.764145,https://www.homes.bg/api/offers??currencyId=1&filterOrderBy=0&locationId=0&typeId=LandAgro,homes.bg,2176,2025-01-13,34712,,,,
"Земеделска земя, 595m²",,13100.0,ЛЕВА,False, продажба,,Благоевград,с.Логодаж,,,,https://homes.bg/offer/zemya-za-prodazhba/zemedelska-zemya-595m2-blagoevgrad-s.logodazh/la34717,1.0,2025-01-13 18:03:27.764158,https://www.homes.bg/api/offers??currencyId=1&filterOrderBy=0&locationId=0&typeId=LandAgro,homes.bg,2176,2025-01-13,34717,,,,
"Земеделска земя, 1000m²",,31200.0,ЛЕВА,False, продажба,,Благоевград,с.Логодаж,,,,https://homes.bg/offer/zemya-za-prodazhba/zemedelska-zemya-1000m2-blagoevgrad-s.logodazh/la34726,0.0,2025-01-13 18:03:27.764169,https://www.homes.bg/api/offers??currencyId=1&filterOrderBy=0&locationId=0&typeId=LandAgro,homes.bg,2176,2025-01-13,34726,,,,
"Земеделска земя, 2147483647m²",,20860.0,ЛЕВА,False, продажба,,Добрич,с.Селце,,,,https://homes.bg/offer/zemya-za-prodazhba/zemedelska-zemya-2147483647m2-dobrich-s.selce/la20402,1.0,2025-01-13 18:03:27.764182,https://www.homes.bg/api/offers??currencyId=1&filterOrderBy=0&locationId=0&typeId=LandAgro,homes.bg,2176,2025-01-13,20402,,,,
"Земеделска земя, 21000m²",,43000.0,EUR,False, продажба,,Добрич,с.Ваклино,,,,https://homes.bg/offer/zemya-za-prodazhba/zemedelska-zemya-21000m2-dobrich-s.vaklino/la33851,1.0,2025-01-13 18:03:27.764194,https://www.homes.bg/api/offers??currencyId=1&filterOrderBy=0&locationId=0&typeId=LandAgro,homes.bg,2176,2025-01-13,33851,,,,
"Земеделска земя, 58000m²",,127500.0,EUR,False, продажба,,Добрич,с.Камен Бряг,,,,https://homes.bg/offer/zemya-za-prodazhba/zemedelska-zemya-58000m2-dobrich-s.kamen-bryag/la33919,1.0,2025-01-13 18:03:27.764205,https://www.homes.bg/api/offers??currencyId=1&filterOrderBy=0&locationId=0&typeId=LandAgro,homes.bg,2176,2025-01-13,33919,,,,
"Земеделска земя, 445m²",,17100.0,ЛЕВА,False, продажба,,Благоевград, Втора Промишлена Зона,,,,https://homes.bg/offer/zemya-za-prodazhba/zemedelska-zemya-445m2-blagoevgrad-vtora-promishlena-zona/la34722,0.0,2025-01-13 18:03:27.764216,https://www.homes.bg/api/offers??currencyId=1&filterOrderBy=0&locationId=0&typeId=LandAgro,homes.bg,2176,2025-01-13,34722,,,,
"Земеделска земя, 1031m²",,17000.0,ЛЕВА,False, продажба,,Благоевград,с.Дъбрава,,,,https://homes.bg/offer/zemya-za-prodazhba/zemedelska-zemya-1031m2-blagoevgrad-s.dybrava/la34724,0.0,2025-01-13 18:03:27.764226,https://www.homes.bg/api/offers??currencyId=1&filterOrderBy=0&locationId=0&typeId=LandAgro,homes.bg,2176,2025-01-13,34724,,,,
"Земеделска земя, 3005m²",,67000.0,ЛЕВА,False, продажба,,Благоевград,с.Логодаж,,,,https://homes.bg/offer/zemya-za-prodazhba/zemedelska-zemya-3005m2-blagoevgrad-s.logodazh/la34721,0.0,2025-01-13 18:03:27.764237,https://www.homes.bg/api/offers??currencyId=1&filterOrderBy=0&locationId=0&typeId=LandAgro,homes.bg,2176,2025-01-13,34721,,,,
"Земеделска земя, 1311m²",,20800.0,ЛЕВА,False, продажба,,Благоевград,с.Логодаж,,,,https://homes.bg/offer/zemya-za-prodazhba/zemedelska-zemya-1311m2-blagoevgrad-s.logodazh/la34718,1.0,2025-01-13 18:03:27.764247,https://www.homes.bg/api/offers??currencyId=1&filterOrderBy=0&locationId=0&typeId=LandAgro,homes.bg,2176,2025-01-13,34718,,,,
"Земеделска земя, 30000m²",,59800.0,EUR,False, продажба,,Добрич,с.Граничар,,,,https://homes.bg/offer/zemya-za-prodazhba/zemedelska-zemya-30000m2-dobrich-s.granichar/la33917,1.0,2025-01-13 18:03:27.764258,https://www.homes.bg/api/offers??currencyId=1&filterOrderBy=0&locationId=0&typeId=LandAgro,homes.bg,2176,2025-01-13,33917,,,,
"Земеделска земя, 50000m²",,115000.0,EUR,False, продажба,,Добрич,с.Вранино,,,,https://homes.bg/offer/zemya-za-prodazhba/zemedelska-zemya-50000m2-dobrich-s.vranino/la33918,1.0,2025-01-13 18:03:27.764269,https://www.homes.bg/api/offers??currencyId=1&filterOrderBy=0&locationId=0&typeId=LandAgro,homes.bg,2176,2025-01-13,33918,,,,
"Земеделска земя, 16000m²",,29500.0,EUR,False, продажба,,Добрич,с.Видно,,,,https://homes.bg/offer/zemya-za-prodazhba/zemedelska-zemya-16000m2-dobrich-s.vidno/la33920,1.0,2025-01-13 18:03:27.764280,https://www.homes.bg/api/offers??currencyId=1&filterOrderBy=0&locationId=0&typeId=LandAgro,homes.bg,2176,2025-01-13,33920,,,,
"Земеделска земя, 7494m²",,112500.0,EUR,False, продажба,,Пловдив,жк. Гагарин,,,,https://homes.bg/offer/zemya-za-prodazhba/zemedelska-zemya-7494m2-plovdiv-zhk.-gagarin/la23582,1.0,2025-01-13 18:03:27.764290,https://www.homes.bg/api/offers??currencyId=1&filterOrderBy=0&locationId=0&typeId=LandAgro,homes.bg,2176,2025-01-13,23582,,,,
"Земеделска земя, 2098m²",,33000.0,ЛЕВА,False, продажба,,Благоевград,с.Дъбрава,,,,https://homes.bg/offer/zemya-za-prodazhba/zemedelska-zemya-2098m2-blagoevgrad-s.dybrava/la34723,0.0,2025-01-13 18:03:27.764301,https://www.homes.bg/api/offers??currencyId=1&filterOrderBy=0&locationId=0&typeId=LandAgro,homes.bg,2176,2025-01-13,34723,,,,
"Земеделска земя, 990m²",,21000.0,ЛЕВА,False, продажба,,Благоевград,с.Логодаж,,,,https://homes.bg/offer/zemya-za-prodazhba/zemedelska-zemya-990m2-blagoevgrad-s.logodazh/la34719,1.0,2025-01-13 18:03:27.764312,https://www.homes.bg/api/offers??currencyId=1&filterOrderBy=0&locationId=0&typeId=LandAgro,homes.bg,2176,2025-01-13,34719,,,,
"Земеделска земя, 20000m²",,42950.0,EUR,False, продажба,,Добрич,с.Септемврийци,,,,https://homes.bg/offer/zemya-za-prodazhba/zemedelska-zemya-20000m2-dobrich-s.septemvrijci/la33496,1.0,2025-01-13 18:03:27.764323,https://www.homes.bg/api/offers??currencyId=1&filterOrderBy=0&locationId=0&typeId=LandAgro,homes.bg,2176,2025-01-13,33496,,,,
"Земеделска земя, 25000m²",,55000.0,EUR,False, продажба,,Добрич,с.Септемврийци,,,,https://homes.bg/offer/zemya-za-prodazhba/zemedelska-zemya-25000m2-dobrich-s.septemvrijci/la33968,1.0,2025-01-13 18:03:27.764334,https://www.homes.bg/api/offers??currencyId=1&filterOrderBy=0&locationId=0&typeId=LandAgro,homes.bg,2176,2025-01-13,33968,,,,
"Земеделска земя, 49000m²",,110000.0,EUR,False, продажба,,Добрич,гр.Каварна,,,,https://homes.bg/offer/zemya-za-prodazhba/zemedelska-zemya-49000m2-dobrich-gr.kavarna/la33948,1.0,2025-01-13 18:03:27.764345,https://www.homes.bg/api/offers??currencyId=1&filterOrderBy=0&locationId=0&typeId=LandAgro,homes.bg,2176,2025-01-13,33948,,,,
"Земеделска земя, 21736m²",,33300.0,EUR,False, продажба,,Стара Загора,с.Оряховица,,,,https://homes.bg/offer/zemya-za-prodazhba/zemedelska-zemya-21736m2-stara-zagora-s.oryahovica/la34624,1.0,2025-01-13 18:03:27.764356,https://www.homes.bg/api/offers??currencyId=1&filterOrderBy=0&locationId=0&typeId=LandAgro,homes.bg,2176,2025-01-13,34624,,,,
"Земеделска земя, 908m²",,15000.0,ЛЕВА,False, продажба,,Благоевград,с.Логодаж,,,,https://homes.bg/offer/zemya-za-prodazhba/zemedelska-zemya-908m2-blagoevgrad-s.logodazh/la34720,1.0,2025-01-13 18:03:27.764366,https://www.homes.bg/api/offers??currencyId=1&filterOrderBy=0&locationId=0&typeId=LandAgro,homes.bg,2176,2025-01-13,34720,,,,
"Земеделска земя, 1000m²",,31200.0,ЛЕВА,False, продажба,,Благоевград,с.Логодаж,,,,https://homes.bg/offer/zemya-za-prodazhba/zemedelska-zemya-1000m2-blagoevgrad-s.logodazh/la34725,0.0,2025-01-13 18:03:27.764376,https://www.homes.bg/api/offers??currencyId=1&filterOrderBy=0&locationId=0&typeId=LandAgro,homes.bg,2176,2025-01-13,34725,,,,
"Земеделска земя, 6825m²","Категория 4, Нива",210000.0,EUR,False, продажба,,Пловдив, Индустриална зона - Север,,,,https://homes.bg/offer/zemya-za-prodazhba/zemedelska-zemya-6825m2-plovdiv-industrialna-zona---sever/la33814,1.0,2025-01-13 18:03:27.764387,https://www.homes.bg/api/offers??currencyId=1&filterOrderBy=0&locationId=0&typeId=LandAgro,homes.bg,2176,2025-01-13,33814,,,,
"Земеделска земя, 8000m²","Категория 4, Лозе",37000.0,EUR,False, продажба,,Сливен,с.Панаретовци,,,,https://homes.bg/offer/zemya-za-prodazhba/zemedelska-zemya-8000m2-sliven-s.panaretovci/la34618,2.0,2025-01-13 18:03:27.764399,https://www.homes.bg/api/offers??currencyId=1&filterOrderBy=0&locationId=0&typeId=LandAgro,homes.bg,2176,2025-01-13,34618,,,,
"Земеделска земя, 1765m²",Друго,132375.0,EUR,False, продажба,,София -,с.Мрамор,,,,https://homes.bg/offer/zemya-za-prodazhba/zemedelska-zemya-1765m2-sofiya---grad-s.mramor/la34714,2.0,2025-01-13 18:03:27.764411,https://www.homes.bg/api/offers??currencyId=1&filterOrderBy=0&locationId=0&typeId=LandAgro,homes.bg,2176,2025-01-13,34714,,,,
"Земеделска земя, 587623m²",Гора,475000.0,EUR,False, продажба,,Хасково,с.Царева Поляна,,,,https://homes.bg/offer/zemya-za-prodazhba/zemedelska-zemya-587623m2-haskovo-s.careva-polyana/la34715,4.0,2025-01-13 18:03:27.764424,https://www.homes.bg/api/offers??currencyId=1&filterOrderBy=0&locationId=0&typeId=LandAgro,homes.bg,2176,2025-01-13,34715,,,,
"Земеделска земя, 1764m²",Друго,105840.0,EUR,False, продажба,,София -,с.Мрамор,,,,https://homes.bg/offer/zemya-za-prodazhba/zemedelska-zemya-1764m2-sofiya---grad-s.mramor/la34637,2.0,2025-01-13 18:03:27.764436,https://www.homes.bg/api/offers??currencyId=1&filterOrderBy=0&locationId=0&typeId=LandAgro,homes.bg,2176,2025-01-13,34637,,,,
"Земеделска земя, 8250m²",Друго,200000.0,EUR,False, продажба,,София -,с.Мрамор,,,,https://homes.bg/offer/zemya-za-prodazhba/zemedelska-zemya-8250m2-sofiya---grad-s.mramor/la34713,1.0,2025-01-13 18:03:27.764448,https://www.homes.bg/api/offers??currencyId=1&filterOrderBy=0&locationId=0&typeId=LandAgro,homes.bg,2176,2025-01-13,34713,,,,
"Земеделска земя, 38822m²",,1941100.0,EUR,False, продажба,,Бургас,Бургас,,,,https://homes.bg/offer/zemya-za-prodazhba/zemedelska-zemya-38822m2-burgas-burgas/la26588,1.0,2025-01-13 18:03:27.764459,https://www.homes.bg/api/offers??currencyId=1&filterOrderBy=0&locationId=0&typeId=LandAgro,homes.bg,2176,2025-01-13,26588,,,,
"Земеделска земя, 1380m²",,16500.0,EUR,False, продажба,,Софийска,с.Горна Малина,,,,https://homes.bg/offer/zemya-za-prodazhba/zemedelska-zemya-1380m2-sofijska-s.gorna-malina/la34628,2.0,2025-01-13 18:03:27.764476,https://www.homes.bg/api/offers??currencyId=1&filterOrderBy=0&locationId=0&typeId=LandAgro,homes.bg,2176,2025-01-13,34628,,,,
"Земеделска земя, 2559m²",,30000.0,EUR,False, продажба,,Софийска,с.Горна Малина,,,,https://homes.bg/offer/zemya-za-prodazhba/zemedelska-zemya-2559m2-sofijska-s.gorna-malina/la34629,2.0,2025-01-13 18:03:27.764490,https://www.homes.bg/api/offers??currencyId=1&filterOrderBy=0&locationId=0&typeId=LandAgro,homes.bg,2176,2025-01-13,34629,,,,
"Земеделска земя, 20027m²",,2122900.0,EUR,False, продажба,,Бургас,жк. Изгрев,,,,https://homes.bg/offer/zemya-za-prodazhba/zemedelska-zemya-20027m2-burgas-zhk.-izgrev/la24811,2.0,2025-01-13 18:03:27.764502,https://www.homes.bg/api/offers??currencyId=1&filterOrderBy=0&locationId=0&typeId=LandAgro,homes.bg,2176,2025-01-13,24811,,,,
"Земеделска земя, 1549m²",,18500.0,EUR,False, продажба,,Софийска,с.Горна Малина,,,,https://homes.bg/offer/zemya-za-prodazhba/zemedelska-zemya-1549m2-sofijska-s.gorna-malina/la34630,1.0,2025-01-13 18:03:27.764513,https://www.homes.bg/api/offers??currencyId=1&filterOrderBy=0&locationId=0&typeId=LandAgro,homes.bg,2176,2025-01-13,34630,,,,
"Земеделска земя, 1938m²",Друго,116300.0,EUR,False, продажба,,София -,с.Мрамор,,,,https://homes.bg/offer/zemya-za-prodazhba/zemedelska-zemya-1938m2-sofiya---grad-s.mramor/la34710,3.0,2025-01-13 18:03:27.764525,https://www.homes.bg/api/offers??currencyId=1&filterOrderBy=0&locationId=0&typeId=LandAgro,homes.bg,2176,2025-01-13,34710,,,,
"Земеделска земя, 2080m²",Друго,20800.0,EUR,False, продажба,,Бургас,с.Кошарица,,,,https://homes.bg/offer/zemya-za-prodazhba/zemedelska-zemya-2080m2-burgas-s.kosharica/la34709,1.0,2025-01-13 18:03:27.764536,https://www.homes.bg/api/offers??currencyId=1&filterOrderBy=0&locationId=0&typeId=LandAgro,homes.bg,2176,2025-01-13,34709,,,,
"Земеделска земя, 8316m²",,4300.0,ЛЕВА,False, продажба,,Ямбол,с.Ботево,,,,https://homes.bg/offer/zemya-za-prodazhba/zemedelska-zemya-8316m2-yambol-s.botevo/la23244,1.0,2025-01-13 18:03:27.764547,https://www.homes.bg/api/offers??currencyId=1&filterOrderBy=0&locationId=0&typeId=LandAgro,homes.bg,2176,2025-01-13,23244,,,,
"Земеделска земя, 3170m²",,50000.0,ЛЕВА,False, продажба,,Благоевград,с.Еленово,,,,https://homes.bg/offer/zemya-za-prodazhba/zemedelska-zemya-3170m2-blagoevgrad-s.elenovo/la34707,1.0,2025-01-13 18:03:27.764559,https://www.homes.bg/api/offers??currencyId=1&filterOrderBy=0&locationId=0&typeId=LandAgro,homes.bg,2176,2025-01-13,34707,,,,
"Земеделска земя, 10160m²",Друго,43500.0,EUR,False, продажба,,Бургас,с.Ахелой,,,,https://homes.bg/offer/zemya-za-prodazhba/zemedelska-zemya-10160m2-burgas-s.aheloj/la24303,5.0,2025-01-13 18:03:27.764572,https://www.homes.bg/api/offers??currencyId=1&filterOrderBy=0&locationId=0&typeId=LandAgro,homes.bg,2176,2025-01-13,24303,,,,
"Земеделска земя, 4100m²",Друго,102500.0,EUR,False, продажба,,София -,с.Иваняне,,,,https://homes.bg/offer/zemya-za-prodazhba/zemedelska-zemya-4100m2-sofiya---grad-s.ivanyane/la34462,1.0,2025-01-13 18:03:27.764584,https://www.homes.bg/api/offers??currencyId=1&filterOrderBy=0&locationId=0&typeId=LandAgro,homes.bg,2176,2025-01-13,34462,,,,
"Земеделска земя, 3599m²",Друго,89975.0,EUR,False, продажба,,София -,с.Иваняне,,,,https://homes.bg/offer/zemya-za-prodazhba/zemedelska-zemya-3599m2-sofiya---grad-s.ivanyane/la34461,1.0,2025-01-13 18:03:27.764595,https://www.homes.bg/api/offers??currencyId=1&filterOrderBy=0&locationId=0&typeId=LandAgro,homes.bg,2176,2025-01-13,34461,,,,
"Земеделска земя, 6222m²",Друго,311100.0,EUR,False, продажба,,Пловдив,с.Крумово,,,,https://homes.bg/offer/zemya-za-prodazhba/zemedelska-zemya-6222m2-plovdiv-s.krumovo/la33654,1.0,2025-01-13 18:03:27.764606,https://www.homes.bg/api/offers??currencyId=1&filterOrderBy=0&locationId=0&typeId=LandAgro,homes.bg,2176,2025-01-13,33654,,,,
"Земеделска земя, 1000m²",Друго,11200.0,EUR,False, продажба,,Бургас,гр.Царево,,,,https://homes.bg/offer/zemya-za-prodazhba/zemedelska-zemya-1000m2-burgas-gr.carevo/la24454,2.0,2025-01-13 18:03:27.764618,https://www.homes.bg/api/offers??currencyId=1&filterOrderBy=0&locationId=0&typeId=LandAgro,homes.bg,2176,2025-01-13,24454,,,,
"Земеделска земя, 6000m²",Друго,268380.0,EUR,False, продажба,,Бургас,гр.Царево,,,,https://homes.bg/offer/zemya-za-prodazhba/zemedelska-zemya-6000m2-burgas-gr.carevo/la34150,5.0,2025-01-13 18:03:27.764640,https://www.homes.bg/api/offers??currencyId=1&filterOrderBy=0&locationId=0&typeId=LandAgro,homes.bg,2176,2025-01-13,34150,,,,
"Земеделска земя, 12780m²",,22900.0,EUR,False, продажба,,Велико Търново,с.Леденик,,,,https://homes.bg/offer/zemya-za-prodazhba/zemedelska-zemya-12780m2-veliko-tyrnovo-s.ledenik/la34154,0.0,2025-01-13 18:03:27.764651,https://www.homes.bg/api/offers??currencyId=1&filterOrderBy=0&locationId=0&typeId=LandAgro,homes.bg,2176,2025-01-13,34154,,,,
"Земеделска земя, 1000m²",Нива,13800.0,EUR,False, продажба,,Пазарджик,гр.Велинград,,,,https://homes.bg/offer/zemya-za-prodazhba/zemedelska-zemya-1000m2-pazardzhik-gr.velingrad/la26591,3.0,2025-01-13 18:03:27.764665,https://www.homes.bg/api/offers??currencyId=1&filterOrderBy=0&locationId=0&typeId=LandAgro,homes.bg,2176,2025-01-13,26591,,,,
"Земеделска земя, 3439m²",Нива,103170.0,EUR,False, продажба,,Пазарджик,гр.Велинград,,,,https://homes.bg/offer/zemya-za-prodazhba/zemedelska-zemya-3439m2-pazardzhik-gr.velingrad/la34692,5.0,2025-01-13 18:03:27.764681,https://www.homes.bg/api/offers??currencyId=1&filterOrderBy=0&locationId=0&typeId=LandAgro,homes.bg,2176,2025-01-13,34692,,,,
"Земеделска земя, 5000m²",Нива,105550.0,EUR,False, продажба,,Пазарджик,гр.Батак,,,,https://homes.bg/offer/zemya-za-prodazhba/zemedelska-zemya-5000m2-pazardzhik-gr.batak/la26590,3.0,2025-01-13 18:03:27.764693,https://www.homes.bg/api/offers??currencyId=1&filterOrderBy=0&locationId=0&typeId=LandAgro,homes.bg,2176,2025-01-13,26590,,,,
"Земеделска земя, 12799m²","Категория 3, Нива",21750.0,EUR,False, продажба,,Велико Търново,с.Леденик,,,,https://homes.bg/offer/zemya-za-prodazhba/zemedelska-zemya-12799m2-veliko-tyrnovo-s.ledenik/la25073,1.0,2025-01-13 18:03:27.764705,https://www.homes.bg/api/offers??currencyId=1&filterOrderBy=0&locationId=0&typeId=LandAgro,homes.bg,2176,2025-01-13,25073,,,,
"Земеделска земя, 1580m²",,9000.0,EUR,False, продажба,,Габрово,Габрово,,,,https://homes.bg/offer/zemya-za-prodazhba/zemedelska-zemya-1580m2-gabrovo-gabrovo/la34356,3.0,2025-01-13 18:03:27.764716,https://www.homes.bg/api/offers??currencyId=1&filterOrderBy=0&locationId=0&typeId=LandAgro,homes.bg,2176,2025-01-13,34356,,,,
"Земеделска земя, 757m²",,17000.0,ЛЕВА,False, продажба,,Габрово,гр.Севлиево,,,,https://homes.bg/offer/zemya-za-prodazhba/zemedelska-zemya-757m2-gabrovo-gr.sevlievo/la34096,1.0,2025-01-13 18:03:27.764727,https://www.homes.bg/api/offers??currencyId=1&filterOrderBy=0&locationId=0&typeId=LandAgro,homes.bg,2176,2025-01-13,34096,,,,
"Земеделска земя, 6999m²",Друго,11999.0,EUR,False, продажба,,Благоевград,с.Левуново,,,,https://homes.bg/offer/zemya-za-prodazhba/zemedelska-zemya-6999m2-blagoevgrad-s.levunovo/la34703,1.0,2025-01-13 18:03:27.764737,https://www.homes.bg/api/offers??currencyId=1&filterOrderBy=0&locationId=0&typeId=LandAgro,homes.bg,2176,2025-01-13,34703,,,,
"Земеделска земя, 13002m²",Друго,21940.0,EUR,False, продажба,,Благоевград,с.Левуново,,,,https://homes.bg/offer/zemya-za-prodazhba/zemedelska-zemya-13002m2-blagoevgrad-s.levunovo/la33982,1.0,2025-01-13 18:03:27.764748,https://www.homes.bg/api/offers??currencyId=1&filterOrderBy=0&locationId=0&typeId=LandAgro,homes.bg,2176,2025-01-13,33982,,,,
"Земеделска земя, 4739m²",Друго,94700.0,EUR,False, продажба,,София -,с.Чепинци,,,,https://homes.bg/offer/zemya-za-prodazhba/zemedelska-zemya-4739m2-sofiya---grad-s.chepinci/la34324,4.0,2025-01-13 18:03:27.764760,https://www.homes.bg/api/offers??currencyId=1&filterOrderBy=0&locationId=0&typeId=LandAgro,homes.bg,2176,2025-01-13,34324,,,,
"Земеделска земя, 2700m²",Нива,94500.0,EUR,False, продажба,,Пловдив,с.Брестник,,,,https://homes.bg/offer/zemya-za-prodazhba/zemedelska-zemya-2700m2-plovdiv-s.brestnik/la34503,1.0,2025-01-13 18:03:27.764771,https://www.homes.bg/api/offers??currencyId=1&filterOrderBy=0&locationId=0&typeId=LandAgro,homes.bg,2176,2025-01-13,34503,,,,
"Земеделска земя, 4000m²",Друго,64000.0,EUR,False, продажба,,Пловдив,с.Войводиново,,,,https://homes.bg/offer/zemya-za-prodazhba/zemedelska-zemya-4000m2-plovdiv-s.vojvodinovo/la34654,2.0,2025-01-13 18:03:27.764782,https://www.homes.bg/api/offers??currencyId=1&filterOrderBy=0&locationId=0&typeId=LandAgro,homes.bg,2176,2025-01-13,34654,,,,
"Земеделска земя, 6000m²","Категория 9, Нива",37000.0,ЛЕВА,False, продажба,,Кърджали,с.Глухар,,,,https://homes.bg/offer/zemya-za-prodazhba/zemedelska-zemya-6000m2-kyrdzhali-s.gluhar/la34700,3.0,2025-01-13 18:03:27.764795,https://www.homes.bg/api/offers??currencyId=1&filterOrderBy=0&locationId=0&typeId=LandAgro,homes.bg,2176,2025-01-13,34700,,,,
"Земеделска земя, 2502m²",Друго,100000.0,EUR,False, продажба,,Софийска,с.Гурмазово,,,,https://homes.bg/offer/zemya-za-prodazhba/zemedelska-zemya-2502m2-sofijska-s.gurmazovo/la34701,1.0,2025-01-13 18:03:27.764807,https://www.homes.bg/api/offers??currencyId=1&filterOrderBy=0&locationId=0&typeId=LandAgro,homes.bg,2176,2025-01-13,34701,,,,
"Земеделска земя, 2759m²",Друго,137950.0,EUR,False, продажба,,Софийска,гр.Костинброд,,,,https://homes.bg/offer/zemya-za-prodazhba/zemedelska-zemya-2759m2-sofijska-gr.kostinbrod/la34702,7.0,2025-01-13 18:03:27.764821,https://www.homes.bg/api/offers??currencyId=1&filterOrderBy=0&locationId=0&typeId=LandAgro,homes.bg,2176,2025-01-13,34702,,,,
"Земеделска земя, 10000m²",,36000.0,EUR,False, продажба,,Бургас,с.Веселие,,,,https://homes.bg/offer/zemya-za-prodazhba/zemedelska-zemya-10000m2-burgas-s.veselie/la34617,5.0,2025-01-13 18:03:27.764834,https://www.homes.bg/api/offers??currencyId=1&filterOrderBy=0&locationId=0&typeId=LandAgro,homes.bg,2176,2025-01-13,34617,,,,
"Земеделска земя, 9900m²","Категория 4, Нива",105000.0,EUR,False, продажба,,Пловдив,с.Цалапица,,,,https://homes.bg/offer/zemya-za-prodazhba/zemedelska-zemya-9900m2-plovdiv-s.calapica/la34339,2.0,2025-01-13 18:03:27.764846,https://www.homes.bg/api/offers??currencyId=1&filterOrderBy=0&locationId=0&typeId=LandAgro,homes.bg,2176,2025-01-13,34339,,,,
"Земеделска земя, 3000m²","Категория 5, Нива",7500.0,ЛЕВА,False, продажба,,Марица,с.Манолско Конаре,,,,https://homes.bg/offer/zemya-za-prodazhba/zemedelska-zemya-3000m2-marica-s.manolsko-konare/la34695,0.0,2025-01-13 18:03:27.764857,https://www.homes.bg/api/offers??currencyId=1&filterOrderBy=0&locationId=0&typeId=LandAgro,homes.bg,2176,2025-01-13,34695,,,,
"Земеделска земя, 5709m²",,114180.0,EUR,False, продажба,,Благоевград,с.Крупник,,,,https://homes.bg/offer/zemya-za-prodazhba/zemedelska-zemya-5709m2-blagoevgrad-s.krupnik/la34607,1.0,2025-01-13 18:03:27.764868,https://www.homes.bg/api/offers??currencyId=1&filterOrderBy=0&locationId=0&typeId=LandAgro,homes.bg,2176,2025-01-13,34607,,,,
"Земеделска земя, 3051m²",,10920.0,EUR,False, продажба,,Благоевград,с.Крупник,,,,https://homes.bg/offer/zemya-za-prodazhba/zemedelska-zemya-3051m2-blagoevgrad-s.krupnik/la34608,1.0,2025-01-13 18:03:27.764880,https://www.homes.bg/api/offers??currencyId=1&filterOrderBy=0&locationId=0&typeId=LandAgro,homes.bg,2176,2025-01-13,34608,,,,
"Земеделска земя, 2165m²",,22200.0,EUR,False, продажба,,Благоевград,с.Крупник,,,,https://homes.bg/offer/zemya-za-prodazhba/zemedelska-zemya-2165m2-blagoevgrad-s.krupnik/la34603,1.0,2025-01-13 18:03:27.764890,https://www.homes.bg/api/offers??currencyId=1&filterOrderBy=0&locationId=0&typeId=LandAgro,homes.bg,2176,2025-01-13,34603,,,,
"Земеделска земя, 993m²",,5200.0,ЛЕВА,False, продажба,,Благоевград,с.Логодаж,,,,https://homes.bg/offer/zemya-za-prodazhba/zemedelska-zemya-993m2-blagoevgrad-s.logodazh/la34697,1.0,2025-01-13 18:03:27.764901,https://www.homes.bg/api/offers??currencyId=1&filterOrderBy=0&locationId=0&typeId=LandAgro,homes.bg,2176,2025-01-13,34697,,,,
"Земеделска земя, 695m²",,4200.0,ЛЕВА,False, продажба,,Благоевград,с.Логодаж,,,,https://homes.bg/offer/zemya-za-prodazhba/zemedelska-zemya-695m2-blagoevgrad-s.logodazh/la34698,1.0,2025-01-13 18:03:27.764912,https://www.homes.bg/api/offers??currencyId=1&filterOrderBy=0&locationId=0&typeId=LandAgro,homes.bg,2176,2025-01-13,34698,,,,
"Земеделска земя, 475m²",,23700.0,EUR,False, продажба,,Смолян,с.Кутела,,,,https://homes.bg/offer/zemya-za-prodazhba/zemedelska-zemya-475m2-smolyan-s.kutela/la33795,1.0,2025-01-13 18:03:27.764923,https://www.homes.bg/api/offers??currencyId=1&filterOrderBy=0&locationId=0&typeId=LandAgro,homes.bg,2176,2025-01-13,33795,,,,
"Земеделска земя, 3219m²",,11520.0,EUR,False, продажба,,Благоевград,с.Крупник,,,,https://homes.bg/offer/zemya-za-prodazhba/zemedelska-zemya-3219m2-blagoevgrad-s.krupnik/la34609,0.0,2025-01-13 18:03:27.764933,https://www.homes.bg/api/offers??currencyId=1&filterOrderBy=0&locationId=0&typeId=LandAgro,homes.bg,2176,2025-01-13,34609,,,,
"Земеделска земя, 703m²",,3600.0,EUR,False, продажба,,Благоевград,с.Крупник,,,,https://homes.bg/offer/zemya-za-prodazhba/zemedelska-zemya-703m2-blagoevgrad-s.krupnik/la34614,1.0,2025-01-13 18:03:27.764943,https://www.homes.bg/api/offers??currencyId=1&filterOrderBy=0&locationId=0&typeId=LandAgro,homes.bg,2176,2025-01-13,34614,,,,
"Земеделска земя, 990m²",,5100.0,EUR,False, продажба,,Благоевград,с.Крупник,,,,https://homes.bg/offer/zemya-za-prodazhba/zemedelska-zemya-990m2-blagoevgrad-s.krupnik/la34615,1.0,2025-01-13 18:03:27.764954,https://www.homes.bg/api/offers??currencyId=1&filterOrderBy=0&locationId=0&typeId=LandAgro,homes.bg,2176,2025-01-13,34615,,,,
"Земеделска земя, 780m²",,4000.0,EUR,False, продажба,,Благоевград,с.Крупник,,,,https://homes.bg/offer/zemya-za-prodazhba/zemedelska-zemya-780m2-blagoevgrad-s.krupnik/la34616,1.0,2025-01-13 18:03:27.764964,https://www.homes.bg/api/offers??currencyId=1&filterOrderBy=0&locationId=0&typeId=LandAgro,homes.bg,2176,2025-01-13,34616,,,,
"Земеделска земя, 942m²",,7225.0,EUR,False, продажба,,Благоевград,с.Полето,,,,https://homes.bg/offer/zemya-za-prodazhba/zemedelska-zemya-942m2-blagoevgrad-s.poleto/la34605,1.0,2025-01-13 18:03:27.764975,https://www.homes.bg/api/offers??currencyId=1&filterOrderBy=0&locationId=0&typeId=LandAgro,homes.bg,2176,2025-01-13,34605,,,,
"Земеделска земя, 3701m²",,13250.0,EUR,False, продажба,,Благоевград,с.Крупник,,,,https://homes.bg/offer/zemya-za-prodazhba/zemedelska-zemya-3701m2-blagoevgrad-s.krupnik/la34610,1.0,2025-01-13 18:03:27.764986,https://www.homes.bg/api/offers??currencyId=1&filterOrderBy=0&locationId=0&typeId=LandAgro,homes.bg,2176,2025-01-13,34610,,,,
"Земеделска земя, 860m²",,5000.0,ЛЕВА,False, продажба,,Благоевград,с.Логодаж,,,,https://homes.bg/offer/zemya-za-prodazhba/zemedelska-zemya-860m2-blagoevgrad-s.logodazh/la34699,1.0,2025-01-13 18:03:27.764997,https://www.homes.bg/api/offers??currencyId=1&filterOrderBy=0&locationId=0&typeId=LandAgro,homes.bg,2176,2025-01-13,34699,,,,
"Земеделска земя, 6000m²",,310000.0,ЛЕВА,False, продажба,,Ямбол, Промишлена Зона ,,,,https://homes.bg/offer/zemya-za-prodazhba/zemedelska-zemya-6000m2-yambol-promishlena-zona/la23890,10.0,2025-01-13 18:03:27.765012,https://www.homes.bg/api/offers??currencyId=1&filterOrderBy=0&locationId=0&typeId=LandAgro,homes.bg,2176,2025-01-13,23890,,,,
"Земеделска земя, 1474m²",,7540.0,EUR,False, продажба,,Благоевград,с.Полето,,,,https://homes.bg/offer/zemya-za-prodazhba/zemedelska-zemya-1474m2-blagoevgrad-s.poleto/la34606,1.0,2025-01-13 18:03:27.765024,https://www.homes.bg/api/offers??currencyId=1&filterOrderBy=0&locationId=0&typeId=LandAgro,homes.bg,2176,2025-01-13,34606,,,,
"Земеделска земя, 1044m²",,4300.0,EUR,False, продажба,,Благоевград,с.Крупник,,,,https://homes.bg/offer/zemya-za-prodazhba/zemedelska-zemya-1044m2-blagoevgrad-s.krupnik/la34611,1.0,2025-01-13 18:03:27.765034,https://www.homes.bg/api/offers??currencyId=1&filterOrderBy=0&locationId=0&typeId=LandAgro,homes.bg,2176,2025-01-13,34611,,,,
"Земеделска земя, 842m²",,5200.0,EUR,False, продажба,,Благоевград,с.Крупник,,,,https://homes.bg/offer/zemya-za-prodazhba/zemedelska-zemya-842m2-blagoevgrad-s.krupnik/la34612,1.0,2025-01-13 18:03:27.765045,https://www.homes.bg/api/offers??currencyId=1&filterOrderBy=0&locationId=0&typeId=LandAgro,homes.bg,2176,2025-01-13,34612,,,,
"Земеделска земя, 1859m²",,9550.0,EUR,False, продажба,,Благоевград,с.Крупник,,,,https://homes.bg/offer/zemya-za-prodazhba/zemedelska-zemya-1859m2-blagoevgrad-s.krupnik/la34613,1.0,2025-01-13 18:03:27.765057,https://www.homes.bg/api/offers??currencyId=1&filterOrderBy=0&locationId=0&typeId=LandAgro,homes.bg,2176,2025-01-13,34613,,,,
"Земеделска земя, 4100m²","Категория 4, Нива",213200.0,EUR,False, продажба,,Пловдив,с.Марково,,,,https://homes.bg/offer/zemya-za-prodazhba/zemedelska-zemya-4100m2-plovdiv-s.markovo/la25041,1.0,2025-01-13 18:03:27.765068,https://www.homes.bg/api/offers??currencyId=1&filterOrderBy=0&locationId=0&typeId=LandAgro,homes.bg,2176,2025-01-13,25041,,,,
"Земеделска земя, 11498m²",Нива,344940.0,EUR,False, продажба,,Пловдив,с.Крумово,,,,https://homes.bg/offer/zemya-za-prodazhba/zemedelska-zemya-11498m2-plovdiv-s.krumovo/la24674,1.0,2025-01-13 18:03:27.765079,https://www.homes.bg/api/offers??currencyId=1&filterOrderBy=0&locationId=0&typeId=LandAgro,homes.bg,2176,2025-01-13,24674,,,,
"Земеделска земя, 1000m²","Категория 9, Нива",30000.0,EUR,False, продажба,,София, Лозен,,,,https://homes.bg/offer/zemya-za-prodazhba/zemedelska-zemya-1000m2-sofiya-lozen/la34321,4.0,2025-01-13 18:03:27.765091,https://www.homes.bg/api/offers??currencyId=1&filterOrderBy=0&locationId=0&typeId=LandAgro,homes.bg,2176,2025-01-13,34321,,,,
"Земеделска земя, 1001m²",Нива,173400.0,ЛЕВА,False, продажба,,Пловдив,с.Царацово,,,,https://homes.bg/offer/zemya-za-prodazhba/zemedelska-zemya-1001m2-plovdiv-s.caracovo/la34687,2.0,2025-01-13 18:03:27.765102,https://www.homes.bg/api/offers??currencyId=1&filterOrderBy=0&locationId=0&typeId=LandAgro,homes.bg,2176,2025-01-13,34687,,,,
"Земеделска земя, 3668m²",Нива,285000.0,ЛЕВА,False, продажба,,Пловдив,с.Царацово,,,,https://homes.bg/offer/zemya-za-prodazhba/zemedelska-zemya-3668m2-plovdiv-s.caracovo/la34688,1.0,2025-01-13 18:03:27.765113,https://www.homes.bg/api/offers??currencyId=1&filterOrderBy=0&locationId=0&typeId=LandAgro,homes.bg,2176,2025-01-13,34688,,,,
"Земеделска земя, 10000m²","Категория 5, Нива",22000.0,ЛЕВА,False, продажба,,Марица,с.Ясно Поле,,,,https://homes.bg/offer/zemya-za-prodazhba/zemedelska-zemya-10000m2-marica-s.yasno-pole/la34691,4.0,2025-01-13 18:03:27.765125,https://www.homes.bg/api/offers??currencyId=1&filterOrderBy=0&locationId=0&typeId=LandAgro,homes.bg,2176,2025-01-13,34691,,,,
"Земеделска земя, 7121m²",,358000.0,EUR,False, продажба,,Пловдив,с.Първенец,,,,https://homes.bg/offer/zemya-za-prodazhba/zemedelska-zemya-7121m2-plovdiv-s.pyrvenec/la34694,1.0,2025-01-13 18:03:27.765136,https://www.homes.bg/api/offers??currencyId=1&filterOrderBy=0&locationId=0&typeId=LandAgro,homes.bg,2176,2025-01-13,34694,,,,
"Земеделска земя, 14101m²",,98728.0,EUR,False, продажба,,Софийска,гр.Ихтиман,,,,https://homes.bg/offer/zemya-za-prodazhba/zemedelska-zemya-14101m2-sofijska-gr.ihtiman/la33956,3.0,2025-01-13 18:03:27.765148,https://www.homes.bg/api/offers??currencyId=1&filterOrderBy=0&locationId=0&typeId=LandAgro,homes.bg,2176,2025-01-13,33956,,,,
"Земеделска земя, 9112m²",,220000.0,EUR,False, продажба,,Пловдив,с.Калековец,,,,https://homes.bg/offer/zemya-za-prodazhba/zemedelska-zemya-9112m2-plovdiv-s.kalekovec/la23988,1.0,2025-01-13 18:03:27.765159,https://www.homes.bg/api/offers??currencyId=1&filterOrderBy=0&locationId=0&typeId=LandAgro,homes.bg,2176,2025-01-13,23988,,,,
"Земеделска земя, 1000m²",,20000.0,EUR,False, продажба,,Пловдив,с.Първенец,,,,https://homes.bg/offer/zemya-za-prodazhba/zemedelska-zemya-1000m2-plovdiv-s.pyrvenec/la34598,1.0,2025-01-13 18:03:27.765170,https://www.homes.bg/api/offers??currencyId=1&filterOrderBy=0&locationId=0&typeId=LandAgro,homes.bg,2176,2025-01-13,34598,,,,
"Земеделска земя, 3000m²",,60000.0,EUR,False, продажба,,Варна,кв. Виница,,,,https://homes.bg/offer/zemya-za-prodazhba/zemedelska-zemya-3000m2-varna-kv.-vinica/la24141,6.0,2025-01-13 18:03:27.765183,https://www.homes.bg/api/offers??currencyId=1&filterOrderBy=0&locationId=0&typeId=LandAgro,homes.bg,2176,2025-01-13,24141,,,,
"Земеделска земя, 6155m²",,123100.0,EUR,False, продажба,,Варна,с.Куманово,,,,https://homes.bg/offer/zemya-za-prodazhba/zemedelska-zemya-6155m2-varna-s.kumanovo/la20631,6.0,2025-01-13 18:03:27.765196,https://www.homes.bg/api/offers??currencyId=1&filterOrderBy=0&locationId=0&typeId=LandAgro,homes.bg,2176,2025-01-13,20631,,,,
"Земеделска земя, 2211m²",,121000.0,ЛЕВА,False, продажба,,Благоевград,с.Черниче,,,,https://homes.bg/offer/zemya-za-prodazhba/zemedelska-zemya-2211m2-blagoevgrad-s.cherniche/la22883,5.0,2025-01-13 18:03:27.765210,https://www.homes.bg/api/offers??currencyId=1&filterOrderBy=0&locationId=0&typeId=LandAgro,homes.bg,2176,2025-01-13,22883,,,,
"Земеделска земя, 8163m²",,129700.0,EUR,False, продажба,,Бургас,с.Лозенец,,,,https://homes.bg/offer/zemya-za-prodazhba/zemedelska-zemya-8163m2-burgas-s.lozenec/la33634,2.0,2025-01-13 18:03:27.765222,https://www.homes.bg/api/offers??currencyId=1&filterOrderBy=0&locationId=0&typeId=LandAgro,homes.bg,2176,2025-01-13,33634,,,,
"Земеделска земя, 1154m²",,66000.0,EUR,False, продажба,,Перник,с.Рударци,,,,https://homes.bg/offer/zemya-za-prodazhba/zemedelska-zemya-1154m2-pernik-s.rudarci/la25108,3.0,2025-01-13 18:03:27.765234,https://www.homes.bg/api/offers??currencyId=1&filterOrderBy=0&locationId=0&typeId=LandAgro,homes.bg,2176,2025-01-13,25108,,,,
"Земеделска земя, 5007m²",,109700.0,EUR,False, продажба,,Бургас,с.Велика,,,,https://homes.bg/offer/zemya-za-prodazhba/zemedelska-zemya-5007m2-burgas-s.velika/la33638,2.0,2025-01-13 18:03:27.765245,https://www.homes.bg/api/offers??currencyId=1&filterOrderBy=0&locationId=0&typeId=LandAgro,homes.bg,2176,2025-01-13,33638,,,,
"Земеделска земя, 9005m²",,191700.0,EUR,False, продажба,,Бургас,с.Лозенец,,,,https://homes.bg/offer/zemya-za-prodazhba/zemedelska-zemya-9005m2-burgas-s.lozenec/la33639,2.0,2025-01-13 18:03:27.765256,https://www.homes.bg/api/offers??currencyId=1&filterOrderBy=0&locationId=0&typeId=LandAgro,homes.bg,2176,2025-01-13,33639,,,,
"Земеделска земя, 6000m²","Категория 4, Лозе",21000.0,ЛЕВА,False, продажба,,Родопи,с.Брестовица,,,,https://homes.bg/offer/zemya-za-prodazhba/zemedelska-zemya-6000m2-rodopi-s.brestovica/la34686,0.0,2025-01-13 18:03:27.765266,https://www.homes.bg/api/offers??currencyId=1&filterOrderBy=0&locationId=0&typeId=LandAgro,homes.bg,2176,2025-01-13,34686,,,,
"Земеделска земя, 7730m²",Нива,35000.0,EUR,False, продажба,,Пазарджик,с.Добровница,,,,https://homes.bg/offer/zemya-za-prodazhba/zemedelska-zemya-7730m2-pazardzhik-s.dobrovnica/la34677,1.0,2025-01-13 18:03:30.908933,https://www.homes.bg/api/offers??currencyId=1&filterOrderBy=0&locationId=0&typeId=LandAgro,homes.bg,2176,2025-01-13,34677,,,,
"Земеделска земя, 7095m²","Категория 3, Нива",256058.0,EUR,False, продажба,,Несебър,гр.Обзор,,,,https://homes.bg/offer/zemya-za-prodazhba/zemedelska-zemya-7095m2-nesebyr-gr.obzor/la23895,2.0,2025-01-13 18:03:30.908982,https://www.homes.bg/api/offers??currencyId=1&filterOrderBy=0&locationId=0&typeId=LandAgro,homes.bg,2176,2025-01-13,23895,,,,
"Земеделска земя, 6335m²","Категория 3, Нива",228630.0,EUR,False, продажба,,Несебър,гр.Обзор,,,,https://homes.bg/offer/zemya-za-prodazhba/zemedelska-zemya-6335m2-nesebyr-gr.obzor/la23894,2.0,2025-01-13 18:03:30.909002,https://www.homes.bg/api/offers??currencyId=1&filterOrderBy=0&locationId=0&typeId=LandAgro,homes.bg,2176,2025-01-13,23894,,,,
"Земеделска земя, 38025m²","Категория 6, Нива",62000.0,EUR,False, продажба,,Поморие,с.Страцин,,,,https://homes.bg/offer/zemya-za-prodazhba/zemedelska-zemya-38025m2-pomorie-s.stracin/la24933,4.0,2025-01-13 18:03:30.909018,https://www.homes.bg/api/offers??currencyId=1&filterOrderBy=0&locationId=0&typeId=LandAgro,homes.bg,2176,2025-01-13,24933,,,,
"Земеделска земя, 9599m²","Категория 5, Нива",509995.0,EUR,False, продажба,,Несебър,гр.Обзор,,,,https://homes.bg/offer/zemya-za-prodazhba/zemedelska-zemya-9599m2-nesebyr-gr.obzor/la23896,2.0,2025-01-13 18:03:30.909032,https://www.homes.bg/api/offers??currencyId=1&filterOrderBy=0&locationId=0&typeId=LandAgro,homes.bg,2176,2025-01-13,23896,,,,
"Земеделска земя, 6005m²","Категория 3, Нива",383500.0,EUR,False, продажба,,Поморие,с.Ахелой,,,,https://homes.bg/offer/zemya-za-prodazhba/zemedelska-zemya-6005m2-pomorie-s.aheloj/la24393,1.0,2025-01-13 18:03:30.909045,https://www.homes.bg/api/offers??currencyId=1&filterOrderBy=0&locationId=0&typeId=LandAgro,homes.bg,2176,2025-01-13,24393,,,,
"Земеделска земя, 11504m²",,115040.0,ЛЕВА,False, продажба,,Ямбол,с.Дражево,,,,https://homes.bg/offer/zemya-za-prodazhba/zemedelska-zemya-11504m2-yambol-s.drazhevo/la34604,1.0,2025-01-13 18:03:30.909058,https://www.homes.bg/api/offers??currencyId=1&filterOrderBy=0&locationId=0&typeId=LandAgro,homes.bg,2176,2025-01-13,34604,,,,
"Земеделска земя, 6303m²",Друго,489743.0,EUR,False, продажба,,София -,с.Иваняне,,,,https://homes.bg/offer/zemya-za-prodazhba/zemedelska-zemya-6303m2-sofiya---grad-s.ivanyane/la34684,2.0,2025-01-13 18:03:30.909071,https://www.homes.bg/api/offers??currencyId=1&filterOrderBy=0&locationId=0&typeId=LandAgro,homes.bg,2176,2025-01-13,34684,,,,
"Земеделска земя, 1445m²","Категория 7, Лозе",73500.0,ЛЕВА,False, продажба,,Благоевград,жк. Баларбаши,,,,https://homes.bg/offer/zemya-za-prodazhba/zemedelska-zemya-1445m2-blagoevgrad-zhk.-balarbashi/la34301,1.0,2025-01-13 18:03:30.909084,https://www.homes.bg/api/offers??currencyId=1&filterOrderBy=0&locationId=0&typeId=LandAgro,homes.bg,2176,2025-01-13,34301,,,,
"Земеделска земя, 4999m²","Категория 5, Нива",75000.0,EUR,False, продажба,,Благоевград, Втора Промишлена Зона,,,,https://homes.bg/offer/zemya-za-prodazhba/zemedelska-zemya-4999m2-blagoevgrad-vtora-promishlena-zona/la22904,1.0,2025-01-13 18:03:30.909098,https://www.homes.bg/api/offers??currencyId=1&filterOrderBy=0&locationId=0&typeId=LandAgro,homes.bg,2176,2025-01-13,22904,,,,
"Земеделска земя, 30000m²","Категория 8, Ливада",150000.0,ЛЕВА,False, продажба,,Рила,гр.Рила,,,,https://homes.bg/offer/zemya-za-prodazhba/zemedelska-zemya-30000m2-rila-gr.rila/la24245,1.0,2025-01-13 18:03:30.909113,https://www.homes.bg/api/offers??currencyId=1&filterOrderBy=0&locationId=0&typeId=LandAgro,homes.bg,2176,2025-01-13,24245,,,,
"Земеделска земя, 5594m²",Нива,111880.0,EUR,False, продажба,,Благоевград,жк. Струмско,,,,https://homes.bg/offer/zemya-za-prodazhba/zemedelska-zemya-5594m2-blagoevgrad-zhk.-strumsko/la33664,1.0,2025-01-13 18:03:30.909126,https://www.homes.bg/api/offers??currencyId=1&filterOrderBy=0&locationId=0&typeId=LandAgro,homes.bg,2176,2025-01-13,33664,,,,
"Земеделска земя, 19000m²","Категория 6, Нива",380400.0,EUR,False, продажба,,Благоевград,жк. Струмско,,,,https://homes.bg/offer/zemya-za-prodazhba/zemedelska-zemya-19000m2-blagoevgrad-zhk.-strumsko/la33663,1.0,2025-01-13 18:03:30.909140,https://www.homes.bg/api/offers??currencyId=1&filterOrderBy=0&locationId=0&typeId=LandAgro,homes.bg,2176,2025-01-13,33663,,,,
"Земеделска земя, 1500m²","Категория 3, Нива",32000.0,ЛЕВА,False, продажба,,Благоевград, Първа Промишлена Зона,,,,https://homes.bg/offer/zemya-za-prodazhba/zemedelska-zemya-1500m2-blagoevgrad-pyrva-promishlena-zona/la33957,0.0,2025-01-13 18:03:30.909153,https://www.homes.bg/api/offers??currencyId=1&filterOrderBy=0&locationId=0&typeId=LandAgro,homes.bg,2176,2025-01-13,33957,,,,
"Земеделска земя, 3000m²","Категория 5, Нива",30000.0,EUR,False, продажба,,Благоевград, Втора Промишлена Зона,,,,https://homes.bg/offer/zemya-za-prodazhba/zemedelska-zemya-3000m2-blagoevgrad-vtora-promishlena-zona/la22903,1.0,2025-01-13 18:03:30.909165,https://www.homes.bg/api/offers??currencyId=1&filterOrderBy=0&locationId=0&typeId=LandAgro,homes.bg,2176,2025-01-13,22903,,,,
"Земеделска земя, 4126m²","Категория 6, Нива",40000.0,EUR,False, продажба,,Симитли,гр.Симитли,,,,https://homes.bg/offer/zemya-za-prodazhba/zemedelska-zemya-4126m2-simitli-gr.simitli/la25158,5.0,2025-01-13 18:03:30.909178,https://www.homes.bg/api/offers??currencyId=1&filterOrderBy=0&locationId=0&typeId=LandAgro,homes.bg,2176,2025-01-13,25158,,,,
"Земеделска земя, 1981m²","Категория 8, Нива",50000.0,ЛЕВА,False, продажба,,Благоевград,с.Изгрев,,,,https://homes.bg/offer/zemya-za-prodazhba/zemedelska-zemya-1981m2-blagoevgrad-s.izgrev/la33857,1.0,2025-01-13 18:03:30.909188,https://www.homes.bg/api/offers??currencyId=1&filterOrderBy=0&locationId=0&typeId=LandAgro,homes.bg,2176,2025-01-13,33857,,,,
"Земеделска земя, 700m²",Лозе,17000.0,ЛЕВА,False, продажба,,Благоевград,жк. Баларбаши,,,,https://homes.bg/offer/zemya-za-prodazhba/zemedelska-zemya-700m2-blagoevgrad-zhk.-balarbashi/la33804,1.0,2025-01-13 18:03:30.909200,https://www.homes.bg/api/offers??currencyId=1&filterOrderBy=0&locationId=0&typeId=LandAgro,homes.bg,2176,2025-01-13,33804,,,,
"Земеделска земя, 5348m²",Друго,17400.0,EUR,False, продажба,,Бургас,гр.Поморие,,,,https://homes.bg/offer/zemya-za-prodazhba/zemedelska-zemya-5348m2-burgas-gr.pomorie/la34685,1.0,2025-01-13 18:03:30.909212,https://www.homes.bg/api/offers??currencyId=1&filterOrderBy=0&locationId=0&typeId=LandAgro,homes.bg,2176,2025-01-13,34685,,,,
"Земеделска земя, 3145m²","Категория 4, Нива",47175.0,EUR,False, продажба,,София, Долни Богров,,,,https://homes.bg/offer/zemya-za-prodazhba/zemedelska-zemya-3145m2-sofiya-dolni-bogrov/la13362,2.0,2025-01-13 18:03:30.909225,https://www.homes.bg/api/offers??currencyId=1&filterOrderBy=0&locationId=0&typeId=LandAgro,homes.bg,2176,2025-01-13,13362,,,,
"Земеделска земя, 1065m²","Категория 4, Нива",21300.0,EUR,False, продажба,,София, Долни Богров,,,,https://homes.bg/offer/zemya-za-prodazhba/zemedelska-zemya-1065m2-sofiya-dolni-bogrov/la24361,1.0,2025-01-13 18:03:30.909236,https://www.homes.bg/api/offers??currencyId=1&filterOrderBy=0&locationId=0&typeId=LandAgro,homes.bg,2176,2025-01-13,24361,,,,
"Земеделска земя, 2818m²","Категория 4, Нива",56360.0,EUR,False, продажба,,София, Долни Богров,,,,https://homes.bg/offer/zemya-za-prodazhba/zemedelska-zemya-2818m2-sofiya-dolni-bogrov/la24360,1.0,2025-01-13 18:03:30.909246,https://www.homes.bg/api/offers??currencyId=1&filterOrderBy=0&locationId=0&typeId=LandAgro,homes.bg,2176,2025-01-13,24360,,,,
"Земеделска земя, 4406m²","Категория 5, Нива",154210.0,EUR,False, продажба,,София, Долни Богров,,,,https://homes.bg/offer/zemya-za-prodazhba/zemedelska-zemya-4406m2-sofiya-dolni-bogrov/la24359,1.0,2025-01-13 18:03:30.909256,https://www.homes.bg/api/offers??currencyId=1&filterOrderBy=0&locationId=0&typeId=LandAgro,homes.bg,2176,2025-01-13,24359,,,,
"Земеделска земя, 11624m²",,115000.0,EUR,False, продажба,,Пловдив,с.Желязно,,,,https://homes.bg/offer/zemya-za-prodazhba/zemedelska-zemya-11624m2-plovdiv-s.zhelyazno/la24274,1.0,2025-01-13 18:03:30.909266,https://www.homes.bg/api/offers??currencyId=1&filterOrderBy=0&locationId=0&typeId=LandAgro,homes.bg,2176,2025-01-13,24274,,,,
"Земеделска земя, 4200m²",Нива,45000.0,EUR,False, продажба,,Пловдив,с.Радиново,,,,https://homes.bg/offer/zemya-za-prodazhba/zemedelska-zemya-4200m2-plovdiv-s.radinovo/la34646,1.0,2025-01-13 18:03:30.909276,https://www.homes.bg/api/offers??currencyId=1&filterOrderBy=0&locationId=0&typeId=LandAgro,homes.bg,2176,2025-01-13,34646,,,,
"Земеделска земя, 9488m²","Категория 5, Нива",130000.0,EUR,False, продажба,,Пловдив, Индустриална зона - Север,,,,https://homes.bg/offer/zemya-za-prodazhba/zemedelska-zemya-9488m2-plovdiv-industrialna-zona---sever/la24384,1.0,2025-01-13 18:03:30.909288,https://www.homes.bg/api/offers??currencyId=1&filterOrderBy=0&locationId=0&typeId=LandAgro,homes.bg,2176,2025-01-13,24384,,,,
"Земеделска земя, 3507m²",Нива,75000.0,EUR,False, продажба,,Пловдив,с.Цалапица,,,,https://homes.bg/offer/zemya-za-prodazhba/zemedelska-zemya-3507m2-plovdiv-s.calapica/la24553,5.0,2025-01-13 18:03:30.909299,https://www.homes.bg/api/offers??currencyId=1&filterOrderBy=0&locationId=0&typeId=LandAgro,homes.bg,2176,2025-01-13,24553,,,,
"Земеделска земя, 12600m²",Нива,136500.0,EUR,False, продажба,,Пловдив,с.Бенковски,,,,https://homes.bg/offer/zemya-za-prodazhba/zemedelska-zemya-12600m2-plovdiv-s.benkovski/la34593,1.0,2025-01-13 18:03:30.909310,https://www.homes.bg/api/offers??currencyId=1&filterOrderBy=0&locationId=0&typeId=LandAgro,homes.bg,2176,2025-01-13,34593,,,,
"Земеделска земя, 21650m²",Нива,79999.0,EUR,False, продажба,,Пловдив,с.Крислово,,,,https://homes.bg/offer/zemya-za-prodazhba/zemedelska-zemya-21650m2-plovdiv-s.krislovo/la34634,1.0,2025-01-13 18:03:30.909320,https://www.homes.bg/api/offers??currencyId=1&filterOrderBy=0&locationId=0&typeId=LandAgro,homes.bg,2176,2025-01-13,34634,,,,
"Земеделска земя, 12000m²",Нива,34250.0,EUR,False, продажба,,Пловдив,с.Труд,,,,https://homes.bg/offer/zemya-za-prodazhba/zemedelska-zemya-12000m2-plovdiv-s.trud/la33757,1.0,2025-01-13 18:03:30.909331,https://www.homes.bg/api/offers??currencyId=1&filterOrderBy=0&locationId=0&typeId=LandAgro,homes.bg,2176,2025-01-13,33757,,,,
"Земеделска земя, 2949m²",Нива,73725.0,EUR,False, продажба,,Пловдив, Индустриална зона - Юг,,,,https://homes.bg/offer/zemya-za-prodazhba/zemedelska-zemya-2949m2-plovdiv-industrialna-zona---jug/la33939,1.0,2025-01-13 18:03:30.909341,https://www.homes.bg/api/offers??currencyId=1&filterOrderBy=0&locationId=0&typeId=LandAgro,homes.bg,2176,2025-01-13,33939,,,,
"Земеделска земя, 6003m²",Нива,185500.0,EUR,False, продажба,,Пловдив, Индустриална зона - Юг,,,,https://homes.bg/offer/zemya-za-prodazhba/zemedelska-zemya-6003m2-plovdiv-industrialna-zona---jug/la33836,1.0,2025-01-13 18:03:30.909351,https://www.homes.bg/api/offers??currencyId=1&filterOrderBy=0&locationId=0&typeId=LandAgro,homes.bg,2176,2025-01-13,33836,,,,
"Земеделска земя, 4700m²",Нива,200000.0,EUR,False, продажба,,Пловдив, Индустриална зона - Юг,,,,https://homes.bg/offer/zemya-za-prodazhba/zemedelska-zemya-4700m2-plovdiv-industrialna-zona---jug/la34404,1.0,2025-01-13 18:03:30.909362,https://www.homes.bg/api/offers??currencyId=1&filterOrderBy=0&locationId=0&typeId=LandAgro,homes.bg,2176,2025-01-13,34404,,,,
"Земеделска земя, 9500m²","Категория 4, Нива",52000.0,EUR,False, продажба,,Пловдив,с.Цалапица,,,,https://homes.bg/offer/zemya-za-prodazhba/zemedelska-zemya-9500m2-plovdiv-s.calapica/la33932,1.0,2025-01-13 18:03:30.909373,https://www.homes.bg/api/offers??currencyId=1&filterOrderBy=0&locationId=0&typeId=LandAgro,homes.bg,2176,2025-01-13,33932,,,,
"Земеделска земя, 9600m²",Нива,96000.0,EUR,False, продажба,,Пловдив,с.Цалапица,,,,https://homes.bg/offer/zemya-za-prodazhba/zemedelska-zemya-9600m2-plovdiv-s.calapica/la33832,1.0,2025-01-13 18:03:30.909384,https://www.homes.bg/api/offers??currencyId=1&filterOrderBy=0&locationId=0&typeId=LandAgro,homes.bg,2176,2025-01-13,33832,,,,
"Земеделска земя, 11600m²",Нива,88990.0,EUR,False, продажба,,Пловдив,с.Дълго Поле,,,,https://homes.bg/offer/zemya-za-prodazhba/zemedelska-zemya-11600m2-plovdiv-s.dylgo-pole/la33891,1.0,2025-01-13 18:03:30.909394,https://www.homes.bg/api/offers??currencyId=1&filterOrderBy=0&locationId=0&typeId=LandAgro,homes.bg,2176,2025-01-13,33891,,,,
"Земеделска земя, 7000m²","Категория 4, Нива",350000.0,EUR,False, продажба,,Пловдив, Индустриална зона - Юг,,,,https://homes.bg/offer/zemya-za-prodazhba/zemedelska-zemya-7000m2-plovdiv-industrialna-zona---jug/la34442,1.0,2025-01-13 18:03:30.909405,https://www.homes.bg/api/offers??currencyId=1&filterOrderBy=0&locationId=0&typeId=LandAgro,homes.bg,2176,2025-01-13,34442,,,,
"Земеделска земя, 5000m²",Нива,87000.0,EUR,False, продажба,,Пловдив,с.Златитрап,,,,https://homes.bg/offer/zemya-za-prodazhba/zemedelska-zemya-5000m2-plovdiv-s.zlatitrap/la34443,1.0,2025-01-13 18:03:30.909415,https://www.homes.bg/api/offers??currencyId=1&filterOrderBy=0&locationId=0&typeId=LandAgro,homes.bg,2176,2025-01-13,34443,,,,
"Земеделска земя, 8898m²",Нива,133000.0,EUR,False, продажба,,Пловдив,с.Труд,,,,https://homes.bg/offer/zemya-za-prodazhba/zemedelska-zemya-8898m2-plovdiv-s.trud/la34592,1.0,2025-01-13 18:03:30.909427,https://www.homes.bg/api/offers??currencyId=1&filterOrderBy=0&locationId=0&typeId=LandAgro,homes.bg,2176,2025-01-13,34592,,,,
"Земеделска земя, 4728m²","Категория 9, Нива",50000.0,EUR,False, продажба,,Пловдив,с.Цар Калоян,,,,https://homes.bg/offer/zemya-za-prodazhba/zemedelska-zemya-4728m2-plovdiv-s.car-kaloyan/la33856,1.0,2025-01-13 18:03:30.909438,https://www.homes.bg/api/offers??currencyId=1&filterOrderBy=0&locationId=0&typeId=LandAgro,homes.bg,2176,2025-01-13,33856,,,,
"Земеделска земя, 13000m²",Нива,38000.0,EUR,False, продажба,,Пловдив,с.Калековец,,,,https://homes.bg/offer/zemya-za-prodazhba/zemedelska-zemya-13000m2-plovdiv-s.kalekovec/la33916,1.0,2025-01-13 18:03:30.909450,https://www.homes.bg/api/offers??currencyId=1&filterOrderBy=0&locationId=0&typeId=LandAgro,homes.bg,2176,2025-01-13,33916,,,,
"Земеделска земя, 5000m²",Нива,6000.0,EUR,False, продажба,,Пловдив,с.Тополово,,,,https://homes.bg/offer/zemya-za-prodazhba/zemedelska-zemya-5000m2-plovdiv-s.topolovo/la33835,0.0,2025-01-13 18:03:30.909461,https://www.homes.bg/api/offers??currencyId=1&filterOrderBy=0&locationId=0&typeId=LandAgro,homes.bg,2176,2025-01-13,33835,,,,
"Земеделска земя, 8000m²",Нива,83000.0,EUR,False, продажба,,Пловдив,с.Крумово,,,,https://homes.bg/offer/zemya-za-prodazhba/zemedelska-zemya-8000m2-plovdiv-s.krumovo/la33815,1.0,2025-01-13 18:03:30.909472,https://www.homes.bg/api/offers??currencyId=1&filterOrderBy=0&locationId=0&typeId=LandAgro,homes.bg,2176,2025-01-13,33815,,,,
"Земеделска земя, 6262m²",Нива,51500.0,EUR,False, продажба,,Пловдив,с.Ново Село,,,,https://homes.bg/offer/zemya-za-prodazhba/zemedelska-zemya-6262m2-plovdiv-s.novo-selo/la33831,1.0,2025-01-13 18:03:30.909482,https://www.homes.bg/api/offers??currencyId=1&filterOrderBy=0&locationId=0&typeId=LandAgro,homes.bg,2176,2025-01-13,33831,,,,
"Земеделска земя, 5556m²",Нива,83340.0,EUR,False, продажба,,Пловдив,кв. Прослав,,,,https://homes.bg/offer/zemya-za-prodazhba/zemedelska-zemya-5556m2-plovdiv-kv.-proslav/la33890,1.0,2025-01-13 18:03:30.909493,https://www.homes.bg/api/offers??currencyId=1&filterOrderBy=0&locationId=0&typeId=LandAgro,homes.bg,2176,2025-01-13,33890,,,,
"Земеделска земя, 2155m²","Категория 4, Нива",111000.0,EUR,False, продажба,,Пловдив,с.Първенец,,,,https://homes.bg/offer/zemya-za-prodazhba/zemedelska-zemya-2155m2-plovdiv-s.pyrvenec/la33671,1.0,2025-01-13 18:03:30.909503,https://www.homes.bg/api/offers??currencyId=1&filterOrderBy=0&locationId=0&typeId=LandAgro,homes.bg,2176,2025-01-13,33671,,,,
"Земеделска земя, 926m²",Нива,9260.0,ЛЕВА,False, продажба,,Пловдив,гр.Перущица,,,,https://homes.bg/offer/zemya-za-prodazhba/zemedelska-zemya-926m2-plovdiv-gr.perushtica/la33665,1.0,2025-01-13 18:03:30.909513,https://www.homes.bg/api/offers??currencyId=1&filterOrderBy=0&locationId=0&typeId=LandAgro,homes.bg,2176,2025-01-13,33665,,,,
"Земеделска земя, 12000m²",Нива,70000.0,EUR,False, продажба,,Пловдив,с.Труд,,,,https://homes.bg/offer/zemya-za-prodazhba/zemedelska-zemya-12000m2-plovdiv-s.trud/la34559,1.0,2025-01-13 18:03:30.909523,https://www.homes.bg/api/offers??currencyId=1&filterOrderBy=0&locationId=0&typeId=LandAgro,homes.bg,2176,2025-01-13,34559,,,,
"Земеделска земя, 19500m²",Нива,52669.0,EUR,False, продажба,,Пловдив,с.Радиново,,,,https://homes.bg/offer/zemya-za-prodazhba/zemedelska-zemya-19500m2-plovdiv-s.radinovo/la33933,1.0,2025-01-13 18:03:30.909533,https://www.homes.bg/api/offers??currencyId=1&filterOrderBy=0&locationId=0&typeId=LandAgro,homes.bg,2176,2025-01-13,33933,,,,
"Земеделска земя, 13000m²",Нива,46527.0,EUR,False, продажба,,Пловдив,с.Първенец,,,,https://homes.bg/offer/zemya-za-prodazhba/zemedelska-zemya-13000m2-plovdiv-s.pyrvenec/la33940,1.0,2025-01-13 18:03:30.909543,https://www.homes.bg/api/offers??currencyId=1&filterOrderBy=0&locationId=0&typeId=LandAgro,homes.bg,2176,2025-01-13,33940,,,,
"Земеделска земя, 2700m²","Категория 5, Нива",10999.0,EUR,False, продажба,,Пловдив,с.Царацово,,,,https://homes.bg/offer/zemya-za-prodazhba/zemedelska-zemya-2700m2-plovdiv-s.caracovo/la34584,1.0,2025-01-13 18:03:30.909553,https://www.homes.bg/api/offers??currencyId=1&filterOrderBy=0&locationId=0&typeId=LandAgro,homes.bg,2176,2025-01-13,34584,,,,
"Земеделска земя, 4500m²",Нива,24300.0,EUR,False, продажба,,Пловдив,с.Рогош,,,,https://homes.bg/offer/zemya-za-prodazhba/zemedelska-zemya-4500m2-plovdiv-s.rogosh/la34676,1.0,2025-01-13 18:03:30.909563,https://www.homes.bg/api/offers??currencyId=1&filterOrderBy=0&locationId=0&typeId=LandAgro,homes.bg,2176,2025-01-13,34676,,,,
"Земеделска земя, 4627m²","Категория 4, Нива",46270.0,EUR,False, продажба,,Сливница,с.Гълъбовци,,,,https://homes.bg/offer/zemya-za-prodazhba/zemedelska-zemya-4627m2-slivnica-s.gylybovci/la9697,0.0,2025-01-13 18:03:30.909572,https://www.homes.bg/api/offers??currencyId=1&filterOrderBy=0&locationId=0&typeId=LandAgro,homes.bg,2176,2025-01-13,9697,,,,
"Земеделска земя, 7680m²","Категория 5, Нива",231000.0,EUR,False, продажба,,София, Бусманци,,,,https://homes.bg/offer/zemya-za-prodazhba/zemedelska-zemya-7680m2-sofiya-busmanci/la9694,0.0,2025-01-13 18:03:30.909583,https://www.homes.bg/api/offers??currencyId=1&filterOrderBy=0&locationId=0&typeId=LandAgro,homes.bg,2176,2025-01-13,9694,,,,
"Земеделска земя, 16698m²","Категория 6, Нива",500940.0,EUR,False, продажба,,Панчарево,с.Лозен,,,,https://homes.bg/offer/zemya-za-prodazhba/zemedelska-zemya-16698m2-pancharevo-s.lozen/la9695,0.0,2025-01-13 18:03:30.909593,https://www.homes.bg/api/offers??currencyId=1&filterOrderBy=0&locationId=0&typeId=LandAgro,homes.bg,2176,2025-01-13,9695,,,,
"Земеделска земя, 3401m²",Друго,35500.0,EUR,False, продажба,,Бургас,гр.Поморие,,,,https://homes.bg/offer/zemya-za-prodazhba/zemedelska-zemya-3401m2-burgas-gr.pomorie/la34683,3.0,2025-01-13 18:03:30.909605,https://www.homes.bg/api/offers??currencyId=1&filterOrderBy=0&locationId=0&typeId=LandAgro,homes.bg,2176,2025-01-13,34683,,,,
"Земеделска земя, 3000m²","Категория 4, Лозе",13000.0,ЛЕВА,False, продажба,,Перущица,гр.Перущица,,,,https://homes.bg/offer/zemya-za-prodazhba/zemedelska-zemya-3000m2-perushtica-gr.perushtica/la34680,3.0,2025-01-13 18:03:30.909616,https://www.homes.bg/api/offers??currencyId=1&filterOrderBy=0&locationId=0&typeId=LandAgro,homes.bg,2176,2025-01-13,34680,,,,
"Земеделска земя, 45000m²","Категория 8, Нива",70000.0,ЛЕВА,False, продажба,,Сандански,с.Златолист,,,,https://homes.bg/offer/zemya-za-prodazhba/zemedelska-zemya-45000m2-sandanski-s.zlatolist/la34285,1.0,2025-01-13 18:03:30.909626,https://www.homes.bg/api/offers??currencyId=1&filterOrderBy=0&locationId=0&typeId=LandAgro,homes.bg,2176,2025-01-13,34285,,,,
"Земеделска земя, 4700m²","Категория 6, Нива",7550.0,ЛЕВА,False, продажба,,Сандански,с.Лешница,,,,https://homes.bg/offer/zemya-za-prodazhba/zemedelska-zemya-4700m2-sandanski-s.leshnica/la24407,3.0,2025-01-13 18:03:30.909637,https://www.homes.bg/api/offers??currencyId=1&filterOrderBy=0&locationId=0&typeId=LandAgro,homes.bg,2176,2025-01-13,24407,,,,
"Земеделска земя, 5000m²",Нива,15000.0,ЛЕВА,False, продажба,,Струмяни,с.Илинденци,,,,https://homes.bg/offer/zemya-za-prodazhba/zemedelska-zemya-5000m2-strumyani-s.ilindenci/la24655,8.0,2025-01-13 18:03:30.909650,https://www.homes.bg/api/offers??currencyId=1&filterOrderBy=0&locationId=0&typeId=LandAgro,homes.bg,2176,2025-01-13,24655,,,,
"Земеделска земя, 2000m²","Категория 4, Нива",17000.0,ЛЕВА,False, продажба,,Сандански,с.Лешница,,,,https://homes.bg/offer/zemya-za-prodazhba/zemedelska-zemya-2000m2-sandanski-s.leshnica/la23240,2.0,2025-01-13 18:03:30.909661,https://www.homes.bg/api/offers??currencyId=1&filterOrderBy=0&locationId=0&typeId=LandAgro,homes.bg,2176,2025-01-13,23240,,,,
"Земеделска земя, 4000m²","Категория 5, Нива",20000.0,EUR,False, продажба,,Сандански,гр.Сандански,,,,https://homes.bg/offer/zemya-za-prodazhba/zemedelska-zemya-4000m2-sandanski-gr.sandanski/la24258,1.0,2025-01-13 18:03:30.909671,https://www.homes.bg/api/offers??currencyId=1&filterOrderBy=0&locationId=0&typeId=LandAgro,homes.bg,2176,2025-01-13,24258,,,,
"Земеделска земя, 2500m²","Категория 5, Нива",0.0,EUR,False, продажба,,Сандански,гр.Сандански,,,,https://homes.bg/offer/zemya-za-prodazhba/zemedelska-zemya-2500m2-sandanski-gr.sandanski/la24888,1.0,2025-01-13 18:03:30.909681,https://www.homes.bg/api/offers??currencyId=1&filterOrderBy=0&locationId=0&typeId=LandAgro,homes.bg,2176,2025-01-13,24888,,,,
"Земеделска земя, 6111m²",Друго,17000.0,EUR,False, продажба,,Варна,с.Калиманци,,,,https://homes.bg/offer/zemya-za-prodazhba/zemedelska-zemya-6111m2-varna-s.kalimanci/la34625,3.0,2025-01-13 18:03:30.909691,https://www.homes.bg/api/offers??currencyId=1&filterOrderBy=0&locationId=0&typeId=LandAgro,homes.bg,2176,2025-01-13,34625,,,,
"Земеделска земя, 4130m²",,63350.0,EUR,False, продажба,,Благоевград,с.Рилци,,,,https://homes.bg/offer/zemya-za-prodazhba/zemedelska-zemya-4130m2-blagoevgrad-s.rilci/la34577,1.0,2025-01-13 18:03:30.909702,https://www.homes.bg/api/offers??currencyId=1&filterOrderBy=0&locationId=0&typeId=LandAgro,homes.bg,2176,2025-01-13,34577,,,,
"Земеделска земя, 5563m²",,222520.0,ЛЕВА,False, продажба,,Смолян,к.к.Пампорово,,,,https://homes.bg/offer/zemya-za-prodazhba/zemedelska-zemya-5563m2-smolyan-k.k.pamporovo/la34681,1.0,2025-01-13 18:03:30.909713,https://www.homes.bg/api/offers??currencyId=1&filterOrderBy=0&locationId=0&typeId=LandAgro,homes.bg,2176,2025-01-13,34681,,,,
"Земеделска земя, 4509m²",Нива,150000.0,EUR,False, продажба,,Пловдив,с.Костиево,,,,https://homes.bg/offer/zemya-za-prodazhba/zemedelska-zemya-4509m2-plovdiv-s.kostievo/la34136,2.0,2025-01-13 18:03:30.909723,https://www.homes.bg/api/offers??currencyId=1&filterOrderBy=0&locationId=0&typeId=LandAgro,homes.bg,2176,2025-01-13,34136,,,,
"Земеделска земя, 5558m²",Нива,83370.0,EUR,False, продажба,,Пловдив,кв. Прослав,,,,https://homes.bg/offer/zemya-za-prodazhba/zemedelska-zemya-5558m2-plovdiv-kv.-proslav/la33569,1.0,2025-01-13 18:03:30.909733,https://www.homes.bg/api/offers??currencyId=1&filterOrderBy=0&locationId=0&typeId=LandAgro,homes.bg,2176,2025-01-13,33569,,,,
"Земеделска земя, 12699m²","Категория 8, Нива",81800.0,EUR,False, продажба,,Велико Търново,с.Леденик,,,,https://homes.bg/offer/zemya-za-prodazhba/zemedelska-zemya-12699m2-veliko-tyrnovo-s.ledenik/la25074,1.0,2025-01-13 18:03:30.909743,https://www.homes.bg/api/offers??currencyId=1&filterOrderBy=0&locationId=0&typeId=LandAgro,homes.bg,2176,2025-01-13,25074,,,,
"Земеделска земя, 3061m²","Категория 4, Нива",12999.0,EUR,False, продажба,,Пловдив,гр.Съединение,,,,https://homes.bg/offer/zemya-za-prodazhba/zemedelska-zemya-3061m2-plovdiv-gr.syedinenie/la34561,1.0,2025-01-13 18:03:30.909754,https://www.homes.bg/api/offers??currencyId=1&filterOrderBy=0&locationId=0&typeId=LandAgro,homes.bg,2176,2025-01-13,34561,,,,
"Земеделска земя, 2000m²","Категория 4, Нива",3999.0,EUR,False, продажба,,Пловдив,гр.Съединение,,,,https://homes.bg/offer/zemya-za-prodazhba/zemedelska-zemya-2000m2-plovdiv-gr.syedinenie/la34562,1.0,2025-01-13 18:03:30.909765,https://www.homes.bg/api/offers??currencyId=1&filterOrderBy=0&locationId=0&typeId=LandAgro,homes.bg,2176,2025-01-13,34562,,,,
"Земеделска земя, 2005m²","Категория 3, Нива",4900.0,EUR,False, продажба,,Пловдив,гр.Съединение,,,,https://homes.bg/offer/zemya-za-prodazhba/zemedelska-zemya-2005m2-plovdiv-gr.syedinenie/la34564,1.0,2025-01-13 18:03:30.909775,https://www.homes.bg/api/offers??currencyId=1&filterOrderBy=0&locationId=0&typeId=LandAgro,homes.bg,2176,2025-01-13,34564,,,,
"Земеделска земя, 3606m²","Категория 4, Нива",33999.0,EUR,False, продажба,,Пловдив,гр.Съединение,,,,https://homes.bg/offer/zemya-za-prodazhba/zemedelska-zemya-3606m2-plovdiv-gr.syedinenie/la34560,1.0,2025-01-13 18:03:30.909785,https://www.homes.bg/api/offers??currencyId=1&filterOrderBy=0&locationId=0&typeId=LandAgro,homes.bg,2176,2025-01-13,34560,,,,
"Земеделска земя, 4880m²","Категория 5, Овощна градина",20999.0,EUR,False, продажба,,Пловдив,гр.Съединение,,,,https://homes.bg/offer/zemya-za-prodazhba/zemedelska-zemya-4880m2-plovdiv-gr.syedinenie/la34563,1.0,2025-01-13 18:03:30.909795,https://www.homes.bg/api/offers??currencyId=1&filterOrderBy=0&locationId=0&typeId=LandAgro,homes.bg,2176,2025-01-13,34563,,,,
"Земеделска земя, 20500m²","Категория 5, Нива",67000.0,ЛЕВА,False, продажба,,Съединение,гр.Съединение,,,,https://homes.bg/offer/zemya-za-prodazhba/zemedelska-zemya-20500m2-syedinenie-gr.syedinenie/la34555,1.0,2025-01-13 18:03:30.909806,https://www.homes.bg/api/offers??currencyId=1&filterOrderBy=0&locationId=0&typeId=LandAgro,homes.bg,2176,2025-01-13,34555,,,,
"Земеделска земя, 3498m²","Категория 4, Нива",0.0,EUR,False, продажба,,Благоевград, Широк Център,,,,https://homes.bg/offer/zemya-za-prodazhba/zemedelska-zemya-3498m2-blagoevgrad-shirok-centyr/la34675,6.0,2025-01-13 18:03:30.909819,https://www.homes.bg/api/offers??currencyId=1&filterOrderBy=0&locationId=0&typeId=LandAgro,homes.bg,2176,2025-01-13,34675,,,,
"Земеделска земя, 3688m²",,79000.0,ЛЕВА,False, продажба,,Ямбол,с.Хаджидимитрово,,,,https://homes.bg/offer/zemya-za-prodazhba/zemedelska-zemya-3688m2-yambol-s.hadzhidimitrovo/la24963,1.0,2025-01-13 18:03:30.909829,https://www.homes.bg/api/offers??currencyId=1&filterOrderBy=0&locationId=0&typeId=LandAgro,homes.bg,2176,2025-01-13,24963,,,,
"Земеделска земя, 1425m²",,35000.0,EUR,False, продажба,,Софийска,гр.Костинброд,,,,https://homes.bg/offer/zemya-za-prodazhba/zemedelska-zemya-1425m2-sofijska-gr.kostinbrod/la34679,4.0,2025-01-13 18:03:30.909841,https://www.homes.bg/api/offers??currencyId=1&filterOrderBy=0&locationId=0&typeId=LandAgro,homes.bg,2176,2025-01-13,34679,,,,
"Земеделска земя, 6000m²",,186000.0,ЛЕВА,False, продажба,,Благоевград,с.Рилци,,,,https://homes.bg/offer/zemya-za-prodazhba/zemedelska-zemya-6000m2-blagoevgrad-s.rilci/la34678,1.0,2025-01-13 18:03:30.909851,https://www.homes.bg/api/offers??currencyId=1&filterOrderBy=0&locationId=0&typeId=LandAgro,homes.bg,2176,2025-01-13,34678,,,,
"Земеделска земя, 3000m²",Лозе,35000.0,EUR,False, продажба,,Варна,с.Генерал-Кантарджиево,,,,https://homes.bg/offer/zemya-za-prodazhba/zemedelska-zemya-3000m2-varna-s.general-kantardzhievo/la34060,1.0,2025-01-13 18:03:30.909861,https://www.homes.bg/api/offers??currencyId=1&filterOrderBy=0&locationId=0&typeId=LandAgro,homes.bg,2176,2025-01-13,34060,,,,
"Земеделска земя, 3950m²","Категория 4, Нива",19800.0,ЛЕВА,False, продажба,,Перущица,гр.Перущица,,,,https://homes.bg/offer/zemya-za-prodazhba/zemedelska-zemya-3950m2-perushtica-gr.perushtica/la34645,6.0,2025-01-13 18:03:30.909873,https://www.homes.bg/api/offers??currencyId=1&filterOrderBy=0&locationId=0&typeId=LandAgro,homes.bg,2176,2025-01-13,34645,,,,
"Земеделска земя, 14998m²",Друго,89988.0,EUR,False, продажба,,Бургас,с.Росен,,,,https://homes.bg/offer/zemya-za-prodazhba/zemedelska-zemya-14998m2-burgas-s.rosen/la34575,3.0,2025-01-13 18:03:30.909883,https://www.homes.bg/api/offers??currencyId=1&filterOrderBy=0&locationId=0&typeId=LandAgro,homes.bg,2176,2025-01-13,34575,,,,
"Земеделска земя, 5451m²",Друго,54510.0,EUR,False, продажба,,Бургас,гр.Поморие,,,,https://homes.bg/offer/zemya-za-prodazhba/zemedelska-zemya-5451m2-burgas-gr.pomorie/la33561,1.0,2025-01-13 18:03:30.909894,https://www.homes.bg/api/offers??currencyId=1&filterOrderBy=0&locationId=0&typeId=LandAgro,homes.bg,2176,2025-01-13,33561,,,,
"Земеделска земя, 445m²",Друго,38000.0,EUR,False, продажба,,Бургас,гр.Созопол,,,,https://homes.bg/offer/zemya-za-prodazhba/zemedelska-zemya-445m2-burgas-gr.sozopol/la24979,1.0,2025-01-13 18:03:30.909903,https://www.homes.bg/api/offers??currencyId=1&filterOrderBy=0&locationId=0&typeId=LandAgro,homes.bg,2176,2025-01-13,24979,,,,
"Земеделска земя, 5551m²",Друго,610610.0,EUR,False, продажба,,Бургас,гр.Созопол,,,,https://homes.bg/offer/zemya-za-prodazhba/zemedelska-zemya-5551m2-burgas-gr.sozopol/la24978,1.0,2025-01-13 18:03:30.909914,https://www.homes.bg/api/offers??currencyId=1&filterOrderBy=0&locationId=0&typeId=LandAgro,homes.bg,2176,2025-01-13,24978,,,,
"Земеделска земя, 2451m²",Друго,98000.0,EUR,False, продажба,,Бургас,гр.Созопол,,,,https://homes.bg/offer/zemya-za-prodazhba/zemedelska-zemya-2451m2-burgas-gr.sozopol/la24981,1.0,2025-01-13 18:03:30.909924,https://www.homes.bg/api/offers??currencyId=1&filterOrderBy=0&locationId=0&typeId=LandAgro,homes.bg,2176,2025-01-13,24981,,,,
"Земеделска земя, 1350m²",Гора,100000.0,EUR,False, продажба,,Бургас,гр.Созопол,,,,https://homes.bg/offer/zemya-za-prodazhba/zemedelska-zemya-1350m2-burgas-gr.sozopol/la24373,1.0,2025-01-13 18:03:30.909933,https://www.homes.bg/api/offers??currencyId=1&filterOrderBy=0&locationId=0&typeId=LandAgro,homes.bg,2176,2025-01-13,24373,,,,
"Земеделска земя, 3344m²",Друго,200000.0,EUR,False, продажба,,Бургас,с.Равадиново,,,,https://homes.bg/offer/zemya-za-prodazhba/zemedelska-zemya-3344m2-burgas-s.ravadinovo/la24980,1.0,2025-01-13 18:03:30.909943,https://www.homes.bg/api/offers??currencyId=1&filterOrderBy=0&locationId=0&typeId=LandAgro,homes.bg,2176,2025-01-13,24980,,,,
"Земеделска земя, 2999m²",Друго,127000.0,EUR,False, продажба,,Бургас,с.Росен,,,,https://homes.bg/offer/zemya-za-prodazhba/zemedelska-zemya-2999m2-burgas-s.rosen/la34432,1.0,2025-01-13 18:03:30.909953,https://www.homes.bg/api/offers??currencyId=1&filterOrderBy=0&locationId=0&typeId=LandAgro,homes.bg,2176,2025-01-13,34432,,,,
"Земеделска земя, 38000m²","Категория 3, Овощна градина",350000.0,EUR,False, продажба,,Бургас,с.Братово,,,,https://homes.bg/offer/zemya-za-prodazhba/zemedelska-zemya-38000m2-burgas-s.bratovo/la34509,7.0,2025-01-13 18:03:30.909965,https://www.homes.bg/api/offers??currencyId=1&filterOrderBy=0&locationId=0&typeId=LandAgro,homes.bg,2176,2025-01-13,34509,,,,
"Земеделска земя, 4560m²",Друго,68400.0,EUR,False, продажба,,Варна,к.к.Камчия,,,,https://homes.bg/offer/zemya-za-prodazhba/zemedelska-zemya-4560m2-varna-k.k.kamchiya/la24968,3.0,2025-01-13 18:03:30.909975,https://www.homes.bg/api/offers??currencyId=1&filterOrderBy=0&locationId=0&typeId=LandAgro,homes.bg,2176,2025-01-13,24968,,,,
"Земеделска земя, 8400m²",Друго,126000.0,EUR,False, продажба,,Варна,Варна,,,,https://homes.bg/offer/zemya-za-prodazhba/zemedelska-zemya-8400m2-varna-varna/la34012,1.0,2025-01-13 18:03:30.909984,https://www.homes.bg/api/offers??currencyId=1&filterOrderBy=0&locationId=0&typeId=LandAgro,homes.bg,2176,2025-01-13,34012,,,,
"Земеделска земя, 7599m²",Друго,76000.0,EUR,False, продажба,,Бургас,гр.Поморие,,,,https://homes.bg/offer/zemya-za-prodazhba/zemedelska-zemya-7599m2-burgas-gr.pomorie/la21905,1.0,2025-01-13 18:03:30.909994,https://www.homes.bg/api/offers??currencyId=1&filterOrderBy=0&locationId=0&typeId=LandAgro,homes.bg,2176,2025-01-13,21905,,,,
"Земеделска земя, 1777m²",Друго,101500.0,EUR,False, продажба,,Бургас,гр.Ахтопол,,,,https://homes.bg/offer/zemya-za-prodazhba/zemedelska-zemya-1777m2-burgas-gr.ahtopol/la24527,8.0,2025-01-13 18:03:30.910006,https://www.homes.bg/api/offers??currencyId=1&filterOrderBy=0&locationId=0&typeId=LandAgro,homes.bg,2176,2025-01-13,24527,,,,
"Земеделска земя, 5972m²",Друго,179500.0,EUR,False, продажба,,Бургас,гр.Царево,,,,https://homes.bg/offer/zemya-za-prodazhba/zemedelska-zemya-5972m2-burgas-gr.carevo/la24650,7.0,2025-01-13 18:03:30.910017,https://www.homes.bg/api/offers??currencyId=1&filterOrderBy=0&locationId=0&typeId=LandAgro,homes.bg,2176,2025-01-13,24650,,,,
"Земеделска земя, 1001m²",Друго,52000.0,EUR,False, продажба,,Бургас,с.Варвара,,,,https://homes.bg/offer/zemya-za-prodazhba/zemedelska-zemya-1001m2-burgas-s.varvara/la33680,5.0,2025-01-13 18:03:30.910028,https://www.homes.bg/api/offers??currencyId=1&filterOrderBy=0&locationId=0&typeId=LandAgro,homes.bg,2176,2025-01-13,33680,,,,
"Земеделска земя, 1120m²",Друго,21000.0,EUR,False, продажба,,София -,с.Чепинци,,,,https://homes.bg/offer/zemya-za-prodazhba/zemedelska-zemya-1120m2-sofiya---grad-s.chepinci/la24091,1.0,2025-01-13 18:03:30.910038,https://www.homes.bg/api/offers??currencyId=1&filterOrderBy=0&locationId=0&typeId=LandAgro,homes.bg,2176,2025-01-13,24091,,,,
"Земеделска земя, 2419m²",Друго,84000.0,EUR,False, продажба,,София -,с.Чепинци,,,,https://homes.bg/offer/zemya-za-prodazhba/zemedelska-zemya-2419m2-sofiya---grad-s.chepinci/la24086,2.0,2025-01-13 18:03:30.910048,https://www.homes.bg/api/offers??currencyId=1&filterOrderBy=0&locationId=0&typeId=LandAgro,homes.bg,2176,2025-01-13,24086,,,,
"Земеделска земя, 5115m²",Друго,264950.0,EUR,False, продажба,,Бургас,с.Ахелой,,,,https://homes.bg/offer/zemya-za-prodazhba/zemedelska-zemya-5115m2-burgas-s.aheloj/la24972,1.0,2025-01-13 18:03:30.910058,https://www.homes.bg/api/offers??currencyId=1&filterOrderBy=0&locationId=0&typeId=LandAgro,homes.bg,2176,2025-01-13,24972,,,,
"Земеделска земя, 1098m²",,14000.0,ЛЕВА,False, продажба,,Благоевград,с.Железница,,,,https://homes.bg/offer/zemya-za-prodazhba/zemedelska-zemya-1098m2-blagoevgrad-s.zheleznica/la21923,1.0,2025-01-13 18:03:30.910068,https://www.homes.bg/api/offers??currencyId=1&filterOrderBy=0&locationId=0&typeId=LandAgro,homes.bg,2176,2025-01-13,21923,,,,
"Земеделска земя, 4231m²",,26000.0,ЛЕВА,False, продажба,,Благоевград,с.Железница,,,,https://homes.bg/offer/zemya-za-prodazhba/zemedelska-zemya-4231m2-blagoevgrad-s.zheleznica/la21925,1.0,2025-01-13 18:03:33.712187,https://www.homes.bg/api/offers??currencyId=1&filterOrderBy=0&locationId=0&typeId=LandAgro,homes.bg,2176,2025-01-13,21925,,,,
"Земеделска земя, 2776m²",,27000.0,ЛЕВА,False, продажба,,Благоевград,с.Железница,,,,https://homes.bg/offer/zemya-za-prodazhba/zemedelska-zemya-2776m2-blagoevgrad-s.zheleznica/la21932,1.0,2025-01-13 18:03:33.712693,https://www.homes.bg/api/offers??currencyId=1&filterOrderBy=0&locationId=0&typeId=LandAgro,homes.bg,2176,2025-01-13,21932,,,,
"Земеделска земя, 1000m²",,7600.0,ЛЕВА,False, продажба,,Добрич,гр.Балчик,,,,https://homes.bg/offer/zemya-za-prodazhba/zemedelska-zemya-1000m2-dobrich-gr.balchik/la20408,1.0,2025-01-13 18:03:33.712711,https://www.homes.bg/api/offers??currencyId=1&filterOrderBy=0&locationId=0&typeId=LandAgro,homes.bg,2176,2025-01-13,20408,,,,
"Земеделска земя, 1050m²","Категория 3, Лозе",5500.0,EUR,False, продажба,,Асеновград,с.Козаново,,,,https://homes.bg/offer/zemya-za-prodazhba/zemedelska-zemya-1050m2-asenovgrad-s.kozanovo/la34644,3.0,2025-01-13 18:03:33.712726,https://www.homes.bg/api/offers??currencyId=1&filterOrderBy=0&locationId=0&typeId=LandAgro,homes.bg,2176,2025-01-13,34644,,,,
"Земеделска земя, 5200m²",Друго,0.0,EUR,False, продажба,,Пловдив, Индустриална зона - Юг,,,,https://homes.bg/offer/zemya-za-prodazhba/zemedelska-zemya-5200m2-plovdiv-industrialna-zona---jug/la24661,1.0,2025-01-13 18:03:33.712740,https://www.homes.bg/api/offers??currencyId=1&filterOrderBy=0&locationId=0&typeId=LandAgro,homes.bg,2176,2025-01-13,24661,,,,
"Земеделска земя, 1900m²","Категория 5, Лозе",0.0,EUR,False, продажба,,Стралджа,с.Каменец,,,,https://homes.bg/offer/zemya-za-prodazhba/zemedelska-zemya-1900m2-straldzha-s.kamenec/la33943,1.0,2025-01-13 18:03:33.712754,https://www.homes.bg/api/offers??currencyId=1&filterOrderBy=0&locationId=0&typeId=LandAgro,homes.bg,2176,2025-01-13,33943,,,,
"Земеделска земя, 2712m²","Категория 8, Пасище",3900.0,EUR,False, продажба,,Сандански,с.Дебрене,,,,https://homes.bg/offer/zemya-za-prodazhba/zemedelska-zemya-2712m2-sandanski-s.debrene/la23999,4.0,2025-01-13 18:03:33.712769,https://www.homes.bg/api/offers??currencyId=1&filterOrderBy=0&locationId=0&typeId=LandAgro,homes.bg,2176,2025-01-13,23999,,,,
"Земеделска земя, 2712m²","Категория 8, Пасище",3900.0,EUR,False, продажба,,Сандански,гр.Сандански,,,,https://homes.bg/offer/zemya-za-prodazhba/zemedelska-zemya-2712m2-sandanski-gr.sandanski/la23998,4.0,2025-01-13 18:03:33.712783,https://www.homes.bg/api/offers??currencyId=1&filterOrderBy=0&locationId=0&typeId=LandAgro,homes.bg,2176,2025-01-13,23998,,,,
"Земеделска земя, 1000m²",Гора,35000.0,EUR,False, продажба,,Созопол,гр.Созопол,,,,https://homes.bg/offer/zemya-za-prodazhba/zemedelska-zemya-1000m2-sozopol-gr.sozopol/la21718,1.0,2025-01-13 18:03:33.712795,https://www.homes.bg/api/offers??currencyId=1&filterOrderBy=0&locationId=0&typeId=LandAgro,homes.bg,2176,2025-01-13,21718,,,,
"Земеделска земя, 2915m²","Категория 4, Пасище",58300.0,EUR,False, продажба,,Созопол,с.Равадиново,,,,https://homes.bg/offer/zemya-za-prodazhba/zemedelska-zemya-2915m2-sozopol-s.ravadinovo/la21717,1.0,2025-01-13 18:03:33.712807,https://www.homes.bg/api/offers??currencyId=1&filterOrderBy=0&locationId=0&typeId=LandAgro,homes.bg,2176,2025-01-13,21717,,,,
"Земеделска земя, 3175m²","Категория 10, Нива",63500.0,EUR,False, продажба,,Созопол,с.Равадиново,,,,https://homes.bg/offer/zemya-za-prodazhba/zemedelska-zemya-3175m2-sozopol-s.ravadinovo/la21716,1.0,2025-01-13 18:03:33.712820,https://www.homes.bg/api/offers??currencyId=1&filterOrderBy=0&locationId=0&typeId=LandAgro,homes.bg,2176,2025-01-13,21716,,,,
"Земеделска земя, 1613m²",,81000.0,EUR,False, продажба,,Варна,гр.Аксаково,,,,https://homes.bg/offer/zemya-za-prodazhba/zemedelska-zemya-1613m2-varna-gr.aksakovo/la34635,1.0,2025-01-13 18:03:33.712831,https://www.homes.bg/api/offers??currencyId=1&filterOrderBy=0&locationId=0&typeId=LandAgro,homes.bg,2176,2025-01-13,34635,,,,
"Земеделска земя, 7013m²","Категория 3, Нива",28500.0,EUR,False, продажба,,Пловдив,гр.Асеновград,,,,https://homes.bg/offer/zemya-za-prodazhba/zemedelska-zemya-7013m2-plovdiv-gr.asenovgrad/la34638,5.0,2025-01-13 18:03:33.712844,https://www.homes.bg/api/offers??currencyId=1&filterOrderBy=0&locationId=0&typeId=LandAgro,homes.bg,2176,2025-01-13,34638,,,,
"Земеделска земя, 6670m²","Категория 10, Нива",106720.0,EUR,False, продажба,,Пловдив,с.Радиново,,,,https://homes.bg/offer/zemya-za-prodazhba/zemedelska-zemya-6670m2-plovdiv-s.radinovo/la34591,2.0,2025-01-13 18:03:33.712857,https://www.homes.bg/api/offers??currencyId=1&filterOrderBy=0&locationId=0&typeId=LandAgro,homes.bg,2176,2025-01-13,34591,,,,
"Земеделска земя, 1445m²","Категория 4, Ливада",12000.0,ЛЕВА,False, продажба,,Перник,с.Люлин,,,,https://homes.bg/offer/zemya-za-prodazhba/zemedelska-zemya-1445m2-pernik-s.ljulin/la22591,0.0,2025-01-13 18:03:33.712869,https://www.homes.bg/api/offers??currencyId=1&filterOrderBy=0&locationId=0&typeId=LandAgro,homes.bg,2176,2025-01-13,22591,,,,
"Земеделска земя, 4302m²","Категория 4, Нива",150570.0,EUR,False, продажба,,Софийска,с.Пролеша,,,,https://homes.bg/offer/zemya-za-prodazhba/zemedelska-zemya-4302m2-sofijska-s.prolesha/la34639,3.0,2025-01-13 18:03:33.712881,https://www.homes.bg/api/offers??currencyId=1&filterOrderBy=0&locationId=0&typeId=LandAgro,homes.bg,2176,2025-01-13,34639,,,,
"Земеделска земя, 10000m²",Гора,8000.0,EUR,False, продажба,,Ямбол,с.Търнава,,,,https://homes.bg/offer/zemya-za-prodazhba/zemedelska-zemya-10000m2-yambol-s.tyrnava/la34643,5.0,2025-01-13 18:03:33.712895,https://www.homes.bg/api/offers??currencyId=1&filterOrderBy=0&locationId=0&typeId=LandAgro,homes.bg,2176,2025-01-13,34643,,,,
"Земеделска земя, 999m²",Друго,21000.0,EUR,False, продажба,,Благоевград,гр.Разлог,,,,https://homes.bg/offer/zemya-za-prodazhba/zemedelska-zemya-999m2-blagoevgrad-gr.razlog/la34017,1.0,2025-01-13 18:03:33.712907,https://www.homes.bg/api/offers??currencyId=1&filterOrderBy=0&locationId=0&typeId=LandAgro,homes.bg,2176,2025-01-13,34017,,,,
"Земеделска земя, 6992m²",Друго,253529.0,EUR,False, продажба,,София -,с.Лозен,,,,https://homes.bg/offer/zemya-za-prodazhba/zemedelska-zemya-6992m2-sofiya---grad-s.lozen/la34275,1.0,2025-01-13 18:03:33.712918,https://www.homes.bg/api/offers??currencyId=1&filterOrderBy=0&locationId=0&typeId=LandAgro,homes.bg,2176,2025-01-13,34275,,,,
"Земеделска земя, 15000m²","Категория 5, Нива",28000.0,ЛЕВА,False, продажба,,Елхово,с.Чернозем,,,,https://homes.bg/offer/zemya-za-prodazhba/zemedelska-zemya-15000m2-elhovo-s.chernozem/la33902,3.0,2025-01-13 18:03:33.712931,https://www.homes.bg/api/offers??currencyId=1&filterOrderBy=0&locationId=0&typeId=LandAgro,homes.bg,2176,2025-01-13,33902,,,,
"Земеделска земя, 3730m²","Категория 3, Овощна градина",35600.0,EUR,False, продажба,,Пловдив,с.Брестник,,,,https://homes.bg/offer/zemya-za-prodazhba/zemedelska-zemya-3730m2-plovdiv-s.brestnik/la21701,0.0,2025-01-13 18:03:33.712942,https://www.homes.bg/api/offers??currencyId=1&filterOrderBy=0&locationId=0&typeId=LandAgro,homes.bg,2176,2025-01-13,21701,,,,
"Земеделска земя, 5700m²","Категория 6, Овощна градина",13000.0,EUR,False, продажба,,Родопи,с.Цалапица,,,,https://homes.bg/offer/zemya-za-prodazhba/zemedelska-zemya-5700m2-rodopi-s.calapica/la23574,2.0,2025-01-13 18:03:33.712954,https://www.homes.bg/api/offers??currencyId=1&filterOrderBy=0&locationId=0&typeId=LandAgro,homes.bg,2176,2025-01-13,23574,,,,
"Земеделска земя, 28000m²","Категория 3, Овощна градина",204000.0,EUR,False, продажба,,Пловдив,с.Калековец,,,,https://homes.bg/offer/zemya-za-prodazhba/zemedelska-zemya-28000m2-plovdiv-s.kalekovec/la21699,2.0,2025-01-13 18:03:33.712965,https://www.homes.bg/api/offers??currencyId=1&filterOrderBy=0&locationId=0&typeId=LandAgro,homes.bg,2176,2025-01-13,21699,,,,
"Земеделска земя, 26700m²","Категория 5, Овощна градина",49000.0,EUR,False, продажба,,Пловдив,с.Маноле,,,,https://homes.bg/offer/zemya-za-prodazhba/zemedelska-zemya-26700m2-plovdiv-s.manole/la20178,2.0,2025-01-13 18:03:33.712977,https://www.homes.bg/api/offers??currencyId=1&filterOrderBy=0&locationId=0&typeId=LandAgro,homes.bg,2176,2025-01-13,20178,,,,
"Земеделска земя, 10700m²","Категория 5, Нива",32500.0,ЛЕВА,False, продажба,,Марица,с.Царацово,,,,https://homes.bg/offer/zemya-za-prodazhba/zemedelska-zemya-10700m2-marica-s.caracovo/la33849,0.0,2025-01-13 18:03:33.712988,https://www.homes.bg/api/offers??currencyId=1&filterOrderBy=0&locationId=0&typeId=LandAgro,homes.bg,2176,2025-01-13,33849,,,,
"Земеделска земя, 4800m²","Категория 4, Нива",115000.0,EUR,False, продажба,,Пловдив,с.Царацово,,,,https://homes.bg/offer/zemya-za-prodazhba/zemedelska-zemya-4800m2-plovdiv-s.caracovo/la21421,1.0,2025-01-13 18:03:33.712999,https://www.homes.bg/api/offers??currencyId=1&filterOrderBy=0&locationId=0&typeId=LandAgro,homes.bg,2176,2025-01-13,21421,,,,
"Земеделска земя, 5700m²","Категория 4, Нива",15300.0,EUR,False, продажба,,Марица,с.Труд,,,,https://homes.bg/offer/zemya-za-prodazhba/zemedelska-zemya-5700m2-marica-s.trud/la34311,3.0,2025-01-13 18:03:33.713012,https://www.homes.bg/api/offers??currencyId=1&filterOrderBy=0&locationId=0&typeId=LandAgro,homes.bg,2176,2025-01-13,34311,,,,
"Земеделска земя, 9000m²","Категория 4, Овощна градина",62000.0,EUR,False, продажба,,Марица,с.Калековец,,,,https://homes.bg/offer/zemya-za-prodazhba/zemedelska-zemya-9000m2-marica-s.kalekovec/la34314,3.0,2025-01-13 18:03:33.713023,https://www.homes.bg/api/offers??currencyId=1&filterOrderBy=0&locationId=0&typeId=LandAgro,homes.bg,2176,2025-01-13,34314,,,,
"Земеделска земя, 20100m²","Категория 4, Овощна градина",138690.0,ЛЕВА,False, продажба,,Пловдив,с.Моминско,,,,https://homes.bg/offer/zemya-za-prodazhba/zemedelska-zemya-20100m2-plovdiv-s.mominsko/la20507,3.0,2025-01-13 18:03:33.713035,https://www.homes.bg/api/offers??currencyId=1&filterOrderBy=0&locationId=0&typeId=LandAgro,homes.bg,2176,2025-01-13,20507,,,,
"Земеделска земя, 9140m²","Категория 4, Нива",93500.0,ЛЕВА,False, продажба,,Родопи,с.Брестовица,,,,https://homes.bg/offer/zemya-za-prodazhba/zemedelska-zemya-9140m2-rodopi-s.brestovica/la22222,3.0,2025-01-13 18:03:33.713048,https://www.homes.bg/api/offers??currencyId=1&filterOrderBy=0&locationId=0&typeId=LandAgro,homes.bg,2176,2025-01-13,22222,,,,
"Земеделска земя, 3900m²","Категория 6, Нива",12800.0,ЛЕВА,False, продажба,,Асеновград,с.Стоево,,,,https://homes.bg/offer/zemya-za-prodazhba/zemedelska-zemya-3900m2-asenovgrad-s.stoevo/la33941,2.0,2025-01-13 18:03:33.713059,https://www.homes.bg/api/offers??currencyId=1&filterOrderBy=0&locationId=0&typeId=LandAgro,homes.bg,2176,2025-01-13,33941,,,,
"Земеделска земя, 20000m²","Категория 6, Гора",46000.0,ЛЕВА,False, продажба,,Калояново,с.Черноземен,,,,https://homes.bg/offer/zemya-za-prodazhba/zemedelska-zemya-20000m2-kaloyanovo-s.chernozemen/la34331,0.0,2025-01-13 18:03:33.713070,https://www.homes.bg/api/offers??currencyId=1&filterOrderBy=0&locationId=0&typeId=LandAgro,homes.bg,2176,2025-01-13,34331,,,,
"Земеделска земя, 11500m²","Категория 3, Нива",211000.0,EUR,False, продажба,,Родопи,с.Крумово,,,,https://homes.bg/offer/zemya-za-prodazhba/zemedelska-zemya-11500m2-rodopi-s.krumovo/la34332,2.0,2025-01-13 18:03:33.713082,https://www.homes.bg/api/offers??currencyId=1&filterOrderBy=0&locationId=0&typeId=LandAgro,homes.bg,2176,2025-01-13,34332,,,,
"Земеделска земя, 7000m²","Категория 8, Нива",11000.0,ЛЕВА,False, продажба,,Стамболийски,с.Куртово Конаре,,,,https://homes.bg/offer/zemya-za-prodazhba/zemedelska-zemya-7000m2-stambolijski-s.kurtovo-konare/la33858,3.0,2025-01-13 18:03:33.713095,https://www.homes.bg/api/offers??currencyId=1&filterOrderBy=0&locationId=0&typeId=LandAgro,homes.bg,2176,2025-01-13,33858,,,,
"Земеделска земя, 1800m²","Категория 4, Нива",9800.0,EUR,False, продажба,,Стамболийски,с.Ново Село,,,,https://homes.bg/offer/zemya-za-prodazhba/zemedelska-zemya-1800m2-stambolijski-s.novo-selo/la33773,3.0,2025-01-13 18:03:33.713109,https://www.homes.bg/api/offers??currencyId=1&filterOrderBy=0&locationId=0&typeId=LandAgro,homes.bg,2176,2025-01-13,33773,,,,
"Земеделска земя, 13000m²","Категория 5, Нива",36900.0,EUR,False, продажба,,Марица,с.Калековец,,,,https://homes.bg/offer/zemya-za-prodazhba/zemedelska-zemya-13000m2-marica-s.kalekovec/la22845,3.0,2025-01-13 18:03:33.713121,https://www.homes.bg/api/offers??currencyId=1&filterOrderBy=0&locationId=0&typeId=LandAgro,homes.bg,2176,2025-01-13,22845,,,,
"Земеделска земя, 25600m²","Категория 8, Нива",44000.0,ЛЕВА,False, продажба,,Брезово,гр.Брезово,,,,https://homes.bg/offer/zemya-za-prodazhba/zemedelska-zemya-25600m2-brezovo-gr.brezovo/la22536,8.0,2025-01-13 18:03:33.713136,https://www.homes.bg/api/offers??currencyId=1&filterOrderBy=0&locationId=0&typeId=LandAgro,homes.bg,2176,2025-01-13,22536,,,,
"Земеделска земя, 19000m²","Категория 4, Овощна градина",58000.0,ЛЕВА,False, продажба,,Брезово,гр.Брезово,,,,https://homes.bg/offer/zemya-za-prodazhba/zemedelska-zemya-19000m2-brezovo-gr.brezovo/la33710,0.0,2025-01-13 18:03:33.713147,https://www.homes.bg/api/offers??currencyId=1&filterOrderBy=0&locationId=0&typeId=LandAgro,homes.bg,2176,2025-01-13,33710,,,,
"Земеделска земя, 78000m²","Категория 7, Овощна градина",275000.0,EUR,False, продажба,,Пловдив,с.Маноле,,,,https://homes.bg/offer/zemya-za-prodazhba/zemedelska-zemya-78000m2-plovdiv-s.manole/la21507,2.0,2025-01-13 18:03:33.713160,https://www.homes.bg/api/offers??currencyId=1&filterOrderBy=0&locationId=0&typeId=LandAgro,homes.bg,2176,2025-01-13,21507,,,,
"Земеделска земя, 4000m²","Категория 4, Нива",81000.0,ЛЕВА,False, продажба,,Марица,с.Царацово,,,,https://homes.bg/offer/zemya-za-prodazhba/zemedelska-zemya-4000m2-marica-s.caracovo/la20180,5.0,2025-01-13 18:03:33.713174,https://www.homes.bg/api/offers??currencyId=1&filterOrderBy=0&locationId=0&typeId=LandAgro,homes.bg,2176,2025-01-13,20180,,,,
"Земеделска земя, 10000m²","Категория 5, Нива",62000.0,ЛЕВА,False, продажба,,Стамболийски,с.Куртово Конаре,,,,https://homes.bg/offer/zemya-za-prodazhba/zemedelska-zemya-10000m2-stambolijski-s.kurtovo-konare/la33865,0.0,2025-01-13 18:03:33.713185,https://www.homes.bg/api/offers??currencyId=1&filterOrderBy=0&locationId=0&typeId=LandAgro,homes.bg,2176,2025-01-13,33865,,,,
"Земеделска земя, 120000m²","Категория 4, Овощна градина",300000.0,EUR,False, продажба,,Родопи,с.Брестовица,,,,https://homes.bg/offer/zemya-za-prodazhba/zemedelska-zemya-120000m2-rodopi-s.brestovica/la21441,0.0,2025-01-13 18:03:33.713196,https://www.homes.bg/api/offers??currencyId=1&filterOrderBy=0&locationId=0&typeId=LandAgro,homes.bg,2176,2025-01-13,21441,,,,
"Земеделска земя, 1000m²",Гора,20500.0,EUR,False, продажба,,Родопи,с.Брестовица,,,,https://homes.bg/offer/zemya-za-prodazhba/zemedelska-zemya-1000m2-rodopi-s.brestovica/la23425,3.0,2025-01-13 18:03:33.713208,https://www.homes.bg/api/offers??currencyId=1&filterOrderBy=0&locationId=0&typeId=LandAgro,homes.bg,2176,2025-01-13,23425,,,,
"Земеделска земя, 2700m²","Категория 5, Нива",14500.0,EUR,False, продажба,,Стамболийски,с.Ново Село,,,,https://homes.bg/offer/zemya-za-prodazhba/zemedelska-zemya-2700m2-stambolijski-s.novo-selo/la33842,6.0,2025-01-13 18:03:33.713220,https://www.homes.bg/api/offers??currencyId=1&filterOrderBy=0&locationId=0&typeId=LandAgro,homes.bg,2176,2025-01-13,33842,,,,
"Земеделска земя, 3500m²","Категория 5, Нива",18800.0,EUR,False, продажба,,Марица,с.Царацово,,,,https://homes.bg/offer/zemya-za-prodazhba/zemedelska-zemya-3500m2-marica-s.caracovo/la23137,4.0,2025-01-13 18:03:33.713233,https://www.homes.bg/api/offers??currencyId=1&filterOrderBy=0&locationId=0&typeId=LandAgro,homes.bg,2176,2025-01-13,23137,,,,
"Земеделска земя, 5000m²","Категория 5, Нива",25000.0,EUR,False, продажба,,Марица,с.Калековец,,,,https://homes.bg/offer/zemya-za-prodazhba/zemedelska-zemya-5000m2-marica-s.kalekovec/la19425,0.0,2025-01-13 18:03:33.713244,https://www.homes.bg/api/offers??currencyId=1&filterOrderBy=0&locationId=0&typeId=LandAgro,homes.bg,2176,2025-01-13,19425,,,,
"Земеделска земя, 10000m²","Категория 3, Овощна градина",13500.0,EUR,False, продажба,,Брезово,гр.Брезово,,,,https://homes.bg/offer/zemya-za-prodazhba/zemedelska-zemya-10000m2-brezovo-gr.brezovo/la33768,0.0,2025-01-13 18:03:33.713254,https://www.homes.bg/api/offers??currencyId=1&filterOrderBy=0&locationId=0&typeId=LandAgro,homes.bg,2176,2025-01-13,33768,,,,
"Земеделска земя, 3200m²",Нива,32800.0,EUR,False, продажба,,Пловдив,с.Златитрап,,,,https://homes.bg/offer/zemya-za-prodazhba/zemedelska-zemya-3200m2-plovdiv-s.zlatitrap/la21711,0.0,2025-01-13 18:03:33.713264,https://www.homes.bg/api/offers??currencyId=1&filterOrderBy=0&locationId=0&typeId=LandAgro,homes.bg,2176,2025-01-13,21711,,,,
"Земеделска земя, 5500m²","Категория 5, Нива",148500.0,EUR,False, продажба,,Пловдив,с.Царацово,,,,https://homes.bg/offer/zemya-za-prodazhba/zemedelska-zemya-5500m2-plovdiv-s.caracovo/la21423,2.0,2025-01-13 18:03:33.713275,https://www.homes.bg/api/offers??currencyId=1&filterOrderBy=0&locationId=0&typeId=LandAgro,homes.bg,2176,2025-01-13,21423,,,,
"Земеделска земя, 9200m²",Нива,216000.0,EUR,False, продажба,,Пловдив,с.Калековец,,,,https://homes.bg/offer/zemya-za-prodazhba/zemedelska-zemya-9200m2-plovdiv-s.kalekovec/la21396,3.0,2025-01-13 18:03:33.713288,https://www.homes.bg/api/offers??currencyId=1&filterOrderBy=0&locationId=0&typeId=LandAgro,homes.bg,2176,2025-01-13,21396,,,,
"Земеделска земя, 7000m²","Категория 5, Нива",9500.0,ЛЕВА,False, продажба,,Марица,с.Царацово,,,,https://homes.bg/offer/zemya-za-prodazhba/zemedelska-zemya-7000m2-marica-s.caracovo/la16643,0.0,2025-01-13 18:03:33.713298,https://www.homes.bg/api/offers??currencyId=1&filterOrderBy=0&locationId=0&typeId=LandAgro,homes.bg,2176,2025-01-13,16643,,,,
"Земеделска земя, 2000m²",Гора,20000.0,EUR,False, продажба,,Пловдив,с.Брестовица,,,,https://homes.bg/offer/zemya-za-prodazhba/zemedelska-zemya-2000m2-plovdiv-s.brestovica/la19820,0.0,2025-01-13 18:03:33.713308,https://www.homes.bg/api/offers??currencyId=1&filterOrderBy=0&locationId=0&typeId=LandAgro,homes.bg,2176,2025-01-13,19820,,,,
"Земеделска земя, 4200m²","Категория 4, Овощна градина",26500.0,ЛЕВА,False, продажба,,Родопи,с.Крумово,,,,https://homes.bg/offer/zemya-za-prodazhba/zemedelska-zemya-4200m2-rodopi-s.krumovo/la34330,2.0,2025-01-13 18:03:33.713320,https://www.homes.bg/api/offers??currencyId=1&filterOrderBy=0&locationId=0&typeId=LandAgro,homes.bg,2176,2025-01-13,34330,,,,
"Земеделска земя, 19200m²","Категория 3, Нива",275000.0,EUR,False, продажба,,Пловдив,с.Цалапица,,,,https://homes.bg/offer/zemya-za-prodazhba/zemedelska-zemya-19200m2-plovdiv-s.calapica/la20855,0.0,2025-01-13 18:03:33.713330,https://www.homes.bg/api/offers??currencyId=1&filterOrderBy=0&locationId=0&typeId=LandAgro,homes.bg,2176,2025-01-13,20855,,,,
"Земеделска земя, 26000m²",Овощна градина,265000.0,ЛЕВА,False, продажба,,Пловдив,с.Караджово,,,,https://homes.bg/offer/zemya-za-prodazhba/zemedelska-zemya-26000m2-plovdiv-s.karadzhovo/la21692,0.0,2025-01-13 18:03:33.713341,https://www.homes.bg/api/offers??currencyId=1&filterOrderBy=0&locationId=0&typeId=LandAgro,homes.bg,2176,2025-01-13,21692,,,,
"Земеделска земя, 16700m²","Категория 5, Нива",51500.0,EUR,False, продажба,,Родопи,с.Цалапица,,,,https://homes.bg/offer/zemya-za-prodazhba/zemedelska-zemya-16700m2-rodopi-s.calapica/la23556,0.0,2025-01-13 18:03:33.713352,https://www.homes.bg/api/offers??currencyId=1&filterOrderBy=0&locationId=0&typeId=LandAgro,homes.bg,2176,2025-01-13,23556,,,,
"Земеделска земя, 5224m²","Категория 4, Нива",55000.0,EUR,False, продажба,,Пловдив,с.Войводиново,,,,https://homes.bg/offer/zemya-za-prodazhba/zemedelska-zemya-5224m2-plovdiv-s.vojvodinovo/la20469,0.0,2025-01-13 18:03:33.713362,https://www.homes.bg/api/offers??currencyId=1&filterOrderBy=0&locationId=0&typeId=LandAgro,homes.bg,2176,2025-01-13,20469,,,,
"Земеделска земя, 9000m²","Категория 3, Лозе",20700.0,ЛЕВА,False, продажба,,Пловдив,с.Цалапица,,,,https://homes.bg/offer/zemya-za-prodazhba/zemedelska-zemya-9000m2-plovdiv-s.calapica/la18869,0.0,2025-01-13 18:03:33.713372,https://www.homes.bg/api/offers??currencyId=1&filterOrderBy=0&locationId=0&typeId=LandAgro,homes.bg,2176,2025-01-13,18869,,,,
"Земеделска земя, 5000m²",Нива,133000.0,EUR,False, продажба,,Родопи,с.Белащица,,,,https://homes.bg/offer/zemya-za-prodazhba/zemedelska-zemya-5000m2-rodopi-s.belashtica/la23066,7.0,2025-01-13 18:03:33.713386,https://www.homes.bg/api/offers??currencyId=1&filterOrderBy=0&locationId=0&typeId=LandAgro,homes.bg,2176,2025-01-13,23066,,,,
"Земеделска земя, 5000m²","Категория 3, Нива",25600.0,EUR,False, продажба,,Пловдив,с.Войводиново,,,,https://homes.bg/offer/zemya-za-prodazhba/zemedelska-zemya-5000m2-plovdiv-s.vojvodinovo/la21217,1.0,2025-01-13 18:03:33.713397,https://www.homes.bg/api/offers??currencyId=1&filterOrderBy=0&locationId=0&typeId=LandAgro,homes.bg,2176,2025-01-13,21217,,,,
"Земеделска земя, 7200m²","Категория 4, Нива",75000.0,ЛЕВА,False, продажба,,Родопи,с.Марково,,,,https://homes.bg/offer/zemya-za-prodazhba/zemedelska-zemya-7200m2-rodopi-s.markovo/la22250,3.0,2025-01-13 18:03:33.713409,https://www.homes.bg/api/offers??currencyId=1&filterOrderBy=0&locationId=0&typeId=LandAgro,homes.bg,2176,2025-01-13,22250,,,,
"Земеделска земя, 78000m²","Категория 5, Овощна градина",119000.0,EUR,False, продажба,,Пловдив,с.Ясно Поле,,,,https://homes.bg/offer/zemya-za-prodazhba/zemedelska-zemya-78000m2-plovdiv-s.yasno-pole/la21609,1.0,2025-01-13 18:03:33.713420,https://www.homes.bg/api/offers??currencyId=1&filterOrderBy=0&locationId=0&typeId=LandAgro,homes.bg,2176,2025-01-13,21609,,,,
"Земеделска земя, 9400m²","Категория 7, Лозе",14200.0,EUR,False, продажба,,Асеновград,с.Златовръх,,,,https://homes.bg/offer/zemya-za-prodazhba/zemedelska-zemya-9400m2-asenovgrad-s.zlatovryh/la33896,4.0,2025-01-13 18:03:33.713433,https://www.homes.bg/api/offers??currencyId=1&filterOrderBy=0&locationId=0&typeId=LandAgro,homes.bg,2176,2025-01-13,33896,,,,
"Земеделска земя, 3000m²","Категория 4, Овощна градина",12000.0,ЛЕВА,False, продажба,,Хисаря,с.Старо Железаре,,,,https://homes.bg/offer/zemya-za-prodazhba/zemedelska-zemya-3000m2-hisarya-s.staro-zhelezare/la33884,3.0,2025-01-13 18:03:33.713445,https://www.homes.bg/api/offers??currencyId=1&filterOrderBy=0&locationId=0&typeId=LandAgro,homes.bg,2176,2025-01-13,33884,,,,
"Земеделска земя, 3500m²","Категория 4, Овощна градина",25600.0,EUR,False, продажба,,Родопи,с.Браниполе,,,,https://homes.bg/offer/zemya-za-prodazhba/zemedelska-zemya-3500m2-rodopi-s.branipole/la23576,3.0,2025-01-13 18:03:33.713457,https://www.homes.bg/api/offers??currencyId=1&filterOrderBy=0&locationId=0&typeId=LandAgro,homes.bg,2176,2025-01-13,23576,,,,
"Земеделска земя, 10200m²","Категория 4, Нива",103000.0,EUR,False, продажба,,Марица,с.Войводиново,,,,https://homes.bg/offer/zemya-za-prodazhba/zemedelska-zemya-10200m2-marica-s.vojvodinovo/la23154,3.0,2025-01-13 18:03:33.713469,https://www.homes.bg/api/offers??currencyId=1&filterOrderBy=0&locationId=0&typeId=LandAgro,homes.bg,2176,2025-01-13,23154,,,,
"Земеделска земя, 10000m²","Категория 4, Нива",175000.0,EUR,False, продажба,,Пловдив,с.Златитрап,,,,https://homes.bg/offer/zemya-za-prodazhba/zemedelska-zemya-10000m2-plovdiv-s.zlatitrap/la18896,0.0,2025-01-13 18:03:33.713479,https://www.homes.bg/api/offers??currencyId=1&filterOrderBy=0&locationId=0&typeId=LandAgro,homes.bg,2176,2025-01-13,18896,,,,
"Земеделска земя, 5000m²","Категория 6, Нива",4750.0,EUR,False, продажба,,Пловдив,с.Богданица,,,,https://homes.bg/offer/zemya-za-prodazhba/zemedelska-zemya-5000m2-plovdiv-s.bogdanica/la18882,0.0,2025-01-13 18:03:33.713489,https://www.homes.bg/api/offers??currencyId=1&filterOrderBy=0&locationId=0&typeId=LandAgro,homes.bg,2176,2025-01-13,18882,,,,
"Земеделска земя, 10000m²","Категория 3, Овощна градина",43000.0,ЛЕВА,False, продажба,,Съединение,с.Найден-Герово,,,,https://homes.bg/offer/zemya-za-prodazhba/zemedelska-zemya-10000m2-syedinenie-s.najden-gerovo/la33769,5.0,2025-01-13 18:03:33.713501,https://www.homes.bg/api/offers??currencyId=1&filterOrderBy=0&locationId=0&typeId=LandAgro,homes.bg,2176,2025-01-13,33769,,,,
"Земеделска земя, 7900m²","Категория 3, Лозе",14500.0,EUR,False, продажба,,Родопи,с.Брестовица,,,,https://homes.bg/offer/zemya-za-prodazhba/zemedelska-zemya-7900m2-rodopi-s.brestovica/la34335,3.0,2025-01-13 18:03:33.713512,https://www.homes.bg/api/offers??currencyId=1&filterOrderBy=0&locationId=0&typeId=LandAgro,homes.bg,2176,2025-01-13,34335,,,,
"Земеделска земя, 90000m²","Категория 4, Нива",277000.0,ЛЕВА,False, продажба,,Калояново,с.Калояново,,,,https://homes.bg/offer/zemya-za-prodazhba/zemedelska-zemya-90000m2-kaloyanovo-s.kaloyanovo/la34120,0.0,2025-01-13 18:03:33.713522,https://www.homes.bg/api/offers??currencyId=1&filterOrderBy=0&locationId=0&typeId=LandAgro,homes.bg,2176,2025-01-13,34120,,,,
"Земеделска земя, 4600m²","Категория 3, Лозе",29000.0,ЛЕВА,False, продажба,,Борово,с.Брестовица,,,,https://homes.bg/offer/zemya-za-prodazhba/zemedelska-zemya-4600m2-borovo-s.brestovica/la34118,4.0,2025-01-13 18:03:33.713533,https://www.homes.bg/api/offers??currencyId=1&filterOrderBy=0&locationId=0&typeId=LandAgro,homes.bg,2176,2025-01-13,34118,,,,
"Земеделска земя, 6500m²","Категория 3, Нива",143000.0,EUR,False, продажба,,Пловдив,с.Крумово,,,,https://homes.bg/offer/zemya-za-prodazhba/zemedelska-zemya-6500m2-plovdiv-s.krumovo/la19841,0.0,2025-01-13 18:03:33.713543,https://www.homes.bg/api/offers??currencyId=1&filterOrderBy=0&locationId=0&typeId=LandAgro,homes.bg,2176,2025-01-13,19841,,,,
"Земеделска земя, 11000m²","Категория 4, Овощна градина",100000.0,EUR,False, продажба,,Пловдив,с.Златитрап,,,,https://homes.bg/offer/zemya-za-prodazhba/zemedelska-zemya-11000m2-plovdiv-s.zlatitrap/la21232,0.0,2025-01-13 18:03:33.713552,https://www.homes.bg/api/offers??currencyId=1&filterOrderBy=0&locationId=0&typeId=LandAgro,homes.bg,2176,2025-01-13,21232,,,,
"Земеделска земя, 3800m²","Категория 4, Нива",38000.0,EUR,False, продажба,,Пловдив,с.Златитрап,,,,https://homes.bg/offer/zemya-za-prodazhba/zemedelska-zemya-3800m2-plovdiv-s.zlatitrap/la21230,0.0,2025-01-13 18:03:33.713562,https://www.homes.bg/api/offers??currencyId=1&filterOrderBy=0&locationId=0&typeId=LandAgro,homes.bg,2176,2025-01-13,21230,,,,
"Земеделска земя, 15000m²","Категория 5, Гора",17000.0,ЛЕВА,False, продажба,,Пловдив,с.Яврово,,,,https://homes.bg/offer/zemya-za-prodazhba/zemedelska-zemya-15000m2-plovdiv-s.yavrovo/la19293,0.0,2025-01-13 18:03:33.713572,https://www.homes.bg/api/offers??currencyId=1&filterOrderBy=0&locationId=0&typeId=LandAgro,homes.bg,2176,2025-01-13,19293,,,,
"Земеделска земя, 3000m²","Категория 8, Овощна градина",15000.0,ЛЕВА,False, продажба,,Кричим,гр.Кричим,,,,https://homes.bg/offer/zemya-za-prodazhba/zemedelska-zemya-3000m2-krichim-gr.krichim/la33616,0.0,2025-01-13 18:03:33.713582,https://www.homes.bg/api/offers??currencyId=1&filterOrderBy=0&locationId=0&typeId=LandAgro,homes.bg,2176,2025-01-13,33616,,,,
"Земеделска земя, 4900m²",Гора,14000.0,ЛЕВА,False, продажба,,Родопи,с.Бойково,,,,https://homes.bg/offer/zemya-za-prodazhba/zemedelska-zemya-4900m2-rodopi-s.bojkovo/la33752,3.0,2025-01-13 18:03:33.713645,https://www.homes.bg/api/offers??currencyId=1&filterOrderBy=0&locationId=0&typeId=LandAgro,homes.bg,2176,2025-01-13,33752,,,,
"Земеделска земя, 21000m²","Категория 5, Нива",23000.0,EUR,False, продажба,,Първомай,с.Езерово,,,,https://homes.bg/offer/zemya-za-prodazhba/zemedelska-zemya-21000m2-pyrvomaj-s.ezerovo/la33796,3.0,2025-01-13 18:03:33.713656,https://www.homes.bg/api/offers??currencyId=1&filterOrderBy=0&locationId=0&typeId=LandAgro,homes.bg,2176,2025-01-13,33796,,,,
"Земеделска земя, 5000m²","Категория 5, Лозе",5500.0,EUR,False, продажба,,Асеновград,с.Долнослав,,,,https://homes.bg/offer/zemya-za-prodazhba/zemedelska-zemya-5000m2-asenovgrad-s.dolnoslav/la33771,2.0,2025-01-13 18:03:33.713667,https://www.homes.bg/api/offers??currencyId=1&filterOrderBy=0&locationId=0&typeId=LandAgro,homes.bg,2176,2025-01-13,33771,,,,
"Земеделска земя, 53560m²","Категория 3, Нива",636000.0,ЛЕВА,False, продажба,,Пловдив,с.Поповица,,,,https://homes.bg/offer/zemya-za-prodazhba/zemedelska-zemya-53560m2-plovdiv-s.popovica/la20513,0.0,2025-01-13 18:03:33.713678,https://www.homes.bg/api/offers??currencyId=1&filterOrderBy=0&locationId=0&typeId=LandAgro,homes.bg,2176,2025-01-13,20513,,,,
"Земеделска земя, 3360m²","Категория 3, Овощна градина",9500.0,ЛЕВА,False, продажба,,Асеновград,гр.Асеновград,,,,https://homes.bg/offer/zemya-za-prodazhba/zemedelska-zemya-3360m2-asenovgrad-gr.asenovgrad/la15425,1.0,2025-01-13 18:03:33.713689,https://www.homes.bg/api/offers??currencyId=1&filterOrderBy=0&locationId=0&typeId=LandAgro,homes.bg,2176,2025-01-13,15425,,,,
"Земеделска земя, 56000m²","Категория 4, Овощна градина",300000.0,ЛЕВА,False, продажба,,Пловдив,с.Желязно,,,,https://homes.bg/offer/zemya-za-prodazhba/zemedelska-zemya-56000m2-plovdiv-s.zhelyazno/la19840,0.0,2025-01-13 18:03:33.713699,https://www.homes.bg/api/offers??currencyId=1&filterOrderBy=0&locationId=0&typeId=LandAgro,homes.bg,2176,2025-01-13,19840,,,,
"Земеделска земя, 3000m²","Категория 3, Овощна градина",75000.0,EUR,False, продажба,,Пловдив,с.Белащица,,,,https://homes.bg/offer/zemya-za-prodazhba/zemedelska-zemya-3000m2-plovdiv-s.belashtica/la21514,0.0,2025-01-13 18:03:33.713709,https://www.homes.bg/api/offers??currencyId=1&filterOrderBy=0&locationId=0&typeId=LandAgro,homes.bg,2176,2025-01-13,21514,,,,
"Земеделска земя, 57000m²","Категория 4, Нива",173000.0,ЛЕВА,False, продажба,,Пловдив,гр.Асеновград,,,,https://homes.bg/offer/zemya-za-prodazhba/zemedelska-zemya-57000m2-plovdiv-gr.asenovgrad/la22058,0.0,2025-01-13 18:03:33.713719,https://www.homes.bg/api/offers??currencyId=1&filterOrderBy=0&locationId=0&typeId=LandAgro,homes.bg,2176,2025-01-13,22058,,,,
"Земеделска земя, 5200m²","Категория 3, Нива",66500.0,ЛЕВА,False, продажба,,Пловдив,гр.Асеновград,,,,https://homes.bg/offer/zemya-za-prodazhba/zemedelska-zemya-5200m2-plovdiv-gr.asenovgrad/la21577,1.0,2025-01-13 18:03:33.713729,https://www.homes.bg/api/offers??currencyId=1&filterOrderBy=0&locationId=0&typeId=LandAgro,homes.bg,2176,2025-01-13,21577,,,,
"Земеделска земя, 4100m²","Категория 5, Нива",49200.0,EUR,False, продажба,,Пловдив,с.Труд,,,,https://homes.bg/offer/zemya-za-prodazhba/zemedelska-zemya-4100m2-plovdiv-s.trud/la20493,0.0,2025-01-13 18:03:33.713740,https://www.homes.bg/api/offers??currencyId=1&filterOrderBy=0&locationId=0&typeId=LandAgro,homes.bg,2176,2025-01-13,20493,,,,
"Земеделска земя, 7000m²","Категория 5, Нива",7000.0,ЛЕВА,False, продажба,,Пловдив,с.Поповица,,,,https://homes.bg/offer/zemya-za-prodazhba/zemedelska-zemya-7000m2-plovdiv-s.popovica/la19619,0.0,2025-01-13 18:03:33.713750,https://www.homes.bg/api/offers??currencyId=1&filterOrderBy=0&locationId=0&typeId=LandAgro,homes.bg,2176,2025-01-13,19619,,,,
"Земеделска земя, 24000m²",Нива,60000.0,EUR,False, продажба,,Пловдив,с.Радиново,,,,https://homes.bg/offer/zemya-za-prodazhba/zemedelska-zemya-24000m2-plovdiv-s.radinovo/la19845,0.0,2025-01-13 18:03:33.713759,https://www.homes.bg/api/offers??currencyId=1&filterOrderBy=0&locationId=0&typeId=LandAgro,homes.bg,2176,2025-01-13,19845,,,,
"Земеделска земя, 20000m²","Категория 4, Нива",65000.0,ЛЕВА,False, продажба,,Родопи,с.Цалапица,,,,https://homes.bg/offer/zemya-za-prodazhba/zemedelska-zemya-20000m2-rodopi-s.calapica/la20851,5.0,2025-01-13 18:03:33.713771,https://www.homes.bg/api/offers??currencyId=1&filterOrderBy=0&locationId=0&typeId=LandAgro,homes.bg,2176,2025-01-13,20851,,,,
"Земеделска земя, 15000m²","Категория 7, Овощна градина",205000.0,ЛЕВА,False, продажба,,Пловдив,с.Бачково,,,,https://homes.bg/offer/zemya-za-prodazhba/zemedelska-zemya-15000m2-plovdiv-s.bachkovo/la21706,0.0,2025-01-13 18:03:33.713781,https://www.homes.bg/api/offers??currencyId=1&filterOrderBy=0&locationId=0&typeId=LandAgro,homes.bg,2176,2025-01-13,21706,,,,
"Земеделска земя, 3500m²",Нива,70500.0,EUR,False, продажба,,Марица,с.Труд,,,,https://homes.bg/offer/zemya-za-prodazhba/zemedelska-zemya-3500m2-marica-s.trud/la23829,0.0,2025-01-13 18:03:33.713791,https://www.homes.bg/api/offers??currencyId=1&filterOrderBy=0&locationId=0&typeId=LandAgro,homes.bg,2176,2025-01-13,23829,,,,
"Земеделска земя, 6400m²",Нива,109500.0,EUR,False, продажба,,Пловдив,с.Труд,,,,https://homes.bg/offer/zemya-za-prodazhba/zemedelska-zemya-6400m2-plovdiv-s.trud/la21611,2.0,2025-01-13 18:03:33.713801,https://www.homes.bg/api/offers??currencyId=1&filterOrderBy=0&locationId=0&typeId=LandAgro,homes.bg,2176,2025-01-13,21611,,,,
"Земеделска земя, 4000m²","Категория 4, Нива",25500.0,EUR,False, продажба,,Куклен,гр.Куклен,,,,https://homes.bg/offer/zemya-za-prodazhba/zemedelska-zemya-4000m2-kuklen-gr.kuklen/la33924,3.0,2025-01-13 18:03:33.713822,https://www.homes.bg/api/offers??currencyId=1&filterOrderBy=0&locationId=0&typeId=LandAgro,homes.bg,2176,2025-01-13,33924,,,,
"Земеделска земя, 26000m²","Категория 5, Нива",44000.0,ЛЕВА,False, продажба,,Карлово,с.Войнягово,,,,https://homes.bg/offer/zemya-za-prodazhba/zemedelska-zemya-26000m2-karlovo-s.vojnyagovo/la33905,0.0,2025-01-13 18:03:33.713832,https://www.homes.bg/api/offers??currencyId=1&filterOrderBy=0&locationId=0&typeId=LandAgro,homes.bg,2176,2025-01-13,33905,,,,
"Земеделска земя, 26000m²","Категория 4, Нива",45000.0,ЛЕВА,False, продажба,,Карлово,с.Горни Домлян,,,,https://homes.bg/offer/zemya-za-prodazhba/zemedelska-zemya-26000m2-karlovo-s.gorni-domlyan/la33904,0.0,2025-01-13 18:03:33.713841,https://www.homes.bg/api/offers??currencyId=1&filterOrderBy=0&locationId=0&typeId=LandAgro,homes.bg,2176,2025-01-13,33904,,,,
"Земеделска земя, 100000m²","Категория 1, Гора",110000.0,ЛЕВА,False, продажба,,Невестино,с.Чеканец,,,,https://homes.bg/offer/zemya-za-prodazhba/zemedelska-zemya-100000m2-nevestino-s.chekanec/la24952,3.0,2025-01-13 18:03:33.713852,https://www.homes.bg/api/offers??currencyId=1&filterOrderBy=0&locationId=0&typeId=LandAgro,homes.bg,2176,2025-01-13,24952,,,,
"Земеделска земя, 4000m²","Категория 5, Нива",40500.0,EUR,False, продажба,,Родопи,с.Белащица,,,,https://homes.bg/offer/zemya-za-prodazhba/zemedelska-zemya-4000m2-rodopi-s.belashtica/la23498,0.0,2025-01-13 18:03:33.713862,https://www.homes.bg/api/offers??currencyId=1&filterOrderBy=0&locationId=0&typeId=LandAgro,homes.bg,2176,2025-01-13,23498,,,,
"Земеделска земя, 5400m²",Нива,162000.0,EUR,False, продажба,,Пловдив,с.Белащица,,,,https://homes.bg/offer/zemya-za-prodazhba/zemedelska-zemya-5400m2-plovdiv-s.belashtica/la21640,0.0,2025-01-13 18:03:33.713872,https://www.homes.bg/api/offers??currencyId=1&filterOrderBy=0&locationId=0&typeId=LandAgro,homes.bg,2176,2025-01-13,21640,,,,
"Земеделска земя, 8950m²",Нива,150000.0,EUR,False, продажба,,Пловдив,с.Граф-Игнатиево,,,,https://homes.bg/offer/zemya-za-prodazhba/zemedelska-zemya-8950m2-plovdiv-s.graf-ignatievo/la20499,0.0,2025-01-13 18:03:33.713881,https://www.homes.bg/api/offers??currencyId=1&filterOrderBy=0&locationId=0&typeId=LandAgro,homes.bg,2176,2025-01-13,20499,,,,
"Земеделска земя, 18700m²","Категория 4, Нива",149000.0,EUR,False, продажба,,Пловдив,с.Манолско Конаре,,,,https://homes.bg/offer/zemya-za-prodazhba/zemedelska-zemya-18700m2-plovdiv-s.manolsko-konare/la21438,0.0,2025-01-13 18:03:36.972761,https://www.homes.bg/api/offers??currencyId=1&filterOrderBy=0&locationId=0&typeId=LandAgro,homes.bg,2176,2025-01-13,21438,,,,
"Земеделска земя, 3000m²","Категория 3, Лозе",79500.0,EUR,False, продажба,,Родопи,с.Браниполе,,,,https://homes.bg/offer/zemya-za-prodazhba/zemedelska-zemya-3000m2-rodopi-s.branipole/la23374,3.0,2025-01-13 18:03:36.972824,https://www.homes.bg/api/offers??currencyId=1&filterOrderBy=0&locationId=0&typeId=LandAgro,homes.bg,2176,2025-01-13,23374,,,,
"Земеделска земя, 1640m²","Категория 4, Нива",11500.0,ЛЕВА,False, продажба,,Марица,с.Войводиново,,,,https://homes.bg/offer/zemya-za-prodazhba/zemedelska-zemya-1640m2-marica-s.vojvodinovo/la22537,4.0,2025-01-13 18:03:36.972851,https://www.homes.bg/api/offers??currencyId=1&filterOrderBy=0&locationId=0&typeId=LandAgro,homes.bg,2176,2025-01-13,22537,,,,
"Земеделска земя, 18000m²","Категория 4, Нива",103000.0,EUR,False, продажба,,Марица,с.Желязно,,,,https://homes.bg/offer/zemya-za-prodazhba/zemedelska-zemya-18000m2-marica-s.zhelyazno/la23513,3.0,2025-01-13 18:03:36.972871,https://www.homes.bg/api/offers??currencyId=1&filterOrderBy=0&locationId=0&typeId=LandAgro,homes.bg,2176,2025-01-13,23513,,,,
"Земеделска земя, 3000m²","Категория 4, Нива",9500.0,EUR,False, продажба,,Родопи,с.Цалапица,,,,https://homes.bg/offer/zemya-za-prodazhba/zemedelska-zemya-3000m2-rodopi-s.calapica/la23486,2.0,2025-01-13 18:03:36.972888,https://www.homes.bg/api/offers??currencyId=1&filterOrderBy=0&locationId=0&typeId=LandAgro,homes.bg,2176,2025-01-13,23486,,,,
"Земеделска земя, 16649m²","Категория 5, Нива",80000.0,EUR,False, продажба,,Пловдив,с.Цалапица,,,,https://homes.bg/offer/zemya-za-prodazhba/zemedelska-zemya-16649m2-plovdiv-s.calapica/la20854,2.0,2025-01-13 18:03:36.972905,https://www.homes.bg/api/offers??currencyId=1&filterOrderBy=0&locationId=0&typeId=LandAgro,homes.bg,2176,2025-01-13,20854,,,,
"Земеделска земя, 15000m²","Категория 4, Нива",375000.0,EUR,False, продажба,,Пловдив,с.Браниполе,,,,https://homes.bg/offer/zemya-za-prodazhba/zemedelska-zemya-15000m2-plovdiv-s.branipole/la21502,2.0,2025-01-13 18:03:36.972922,https://www.homes.bg/api/offers??currencyId=1&filterOrderBy=0&locationId=0&typeId=LandAgro,homes.bg,2176,2025-01-13,21502,,,,
"Земеделска земя, 2500m²",Нива,38000.0,EUR,False, продажба,,Родопи,с.Първенец,,,,https://homes.bg/offer/zemya-za-prodazhba/zemedelska-zemya-2500m2-rodopi-s.pyrvenec/la23369,3.0,2025-01-13 18:03:36.972940,https://www.homes.bg/api/offers??currencyId=1&filterOrderBy=0&locationId=0&typeId=LandAgro,homes.bg,2176,2025-01-13,23369,,,,
"Земеделска земя, 15300m²","Категория 4, Нива",51500.0,EUR,False, продажба,,Родопи,с.Цалапица,,,,https://homes.bg/offer/zemya-za-prodazhba/zemedelska-zemya-15300m2-rodopi-s.calapica/la21902,2.0,2025-01-13 18:03:36.972956,https://www.homes.bg/api/offers??currencyId=1&filterOrderBy=0&locationId=0&typeId=LandAgro,homes.bg,2176,2025-01-13,21902,,,,
"Земеделска земя, 8900m²",Нива,135000.0,EUR,False, продажба,,Марица,с.Труд,,,,https://homes.bg/offer/zemya-za-prodazhba/zemedelska-zemya-8900m2-marica-s.trud/la21584,2.0,2025-01-13 18:03:36.972972,https://www.homes.bg/api/offers??currencyId=1&filterOrderBy=0&locationId=0&typeId=LandAgro,homes.bg,2176,2025-01-13,21584,,,,
"Земеделска земя, 7000m²","Категория 4, Лозе",29500.0,ЛЕВА,False, продажба,,Родопи,с.Брестовица,,,,https://homes.bg/offer/zemya-za-prodazhba/zemedelska-zemya-7000m2-rodopi-s.brestovica/la23245,2.0,2025-01-13 18:03:36.972987,https://www.homes.bg/api/offers??currencyId=1&filterOrderBy=0&locationId=0&typeId=LandAgro,homes.bg,2176,2025-01-13,23245,,,,
"Земеделска земя, 15000m²",Нива,121000.0,ЛЕВА,False, продажба,,Родопи,с.Цалапица,,,,https://homes.bg/offer/zemya-za-prodazhba/zemedelska-zemya-15000m2-rodopi-s.calapica/la23559,3.0,2025-01-13 18:03:36.973005,https://www.homes.bg/api/offers??currencyId=1&filterOrderBy=0&locationId=0&typeId=LandAgro,homes.bg,2176,2025-01-13,23559,,,,
"Земеделска земя, 1800m²","Категория 6, Нива",9000.0,EUR,False, продажба,,Брезово,с.Зелениково,,,,https://homes.bg/offer/zemya-za-prodazhba/zemedelska-zemya-1800m2-brezovo-s.zelenikovo/la33928,5.0,2025-01-13 18:03:36.973026,https://www.homes.bg/api/offers??currencyId=1&filterOrderBy=0&locationId=0&typeId=LandAgro,homes.bg,2176,2025-01-13,33928,,,,
"Земеделска земя, 41800m²",Гора,3345000.0,EUR,False, продажба,,Велинград,гр.Велинград,,,,https://homes.bg/offer/zemya-za-prodazhba/zemedelska-zemya-41800m2-velingrad-gr.velingrad/la23391,8.0,2025-01-13 18:03:36.973046,https://www.homes.bg/api/offers??currencyId=1&filterOrderBy=0&locationId=0&typeId=LandAgro,homes.bg,2176,2025-01-13,23391,,,,
"Земеделска земя, 3300m²","Категория 4, Нива",16000.0,EUR,False, продажба,,Асеновград,с.Стоево,,,,https://homes.bg/offer/zemya-za-prodazhba/zemedelska-zemya-3300m2-asenovgrad-s.stoevo/la33668,3.0,2025-01-13 18:03:36.973062,https://www.homes.bg/api/offers??currencyId=1&filterOrderBy=0&locationId=0&typeId=LandAgro,homes.bg,2176,2025-01-13,33668,,,,
"Земеделска земя, 10500m²","Категория 3, Нива",107000.0,EUR,False, продажба,,Пловдив,с.Ягодово,,,,https://homes.bg/offer/zemya-za-prodazhba/zemedelska-zemya-10500m2-plovdiv-s.yagodovo/la21702,1.0,2025-01-13 18:03:36.973076,https://www.homes.bg/api/offers??currencyId=1&filterOrderBy=0&locationId=0&typeId=LandAgro,homes.bg,2176,2025-01-13,21702,,,,
"Земеделска земя, 1900m²","Категория 4, Нива",21000.0,EUR,False, продажба,,Родопи,с.Ягодово,,,,https://homes.bg/offer/zemya-za-prodazhba/zemedelska-zemya-1900m2-rodopi-s.yagodovo/la33682,3.0,2025-01-13 18:03:36.973092,https://www.homes.bg/api/offers??currencyId=1&filterOrderBy=0&locationId=0&typeId=LandAgro,homes.bg,2176,2025-01-13,33682,,,,
"Земеделска земя, 17000m²","Категория 4, Нива",45000.0,ЛЕВА,False, продажба,,Асеновград,с.Стоево,,,,https://homes.bg/offer/zemya-za-prodazhba/zemedelska-zemya-17000m2-asenovgrad-s.stoevo/la33983,0.0,2025-01-13 18:03:36.973106,https://www.homes.bg/api/offers??currencyId=1&filterOrderBy=0&locationId=0&typeId=LandAgro,homes.bg,2176,2025-01-13,33983,,,,
"Земеделска земя, 3500m²","Категория 5, Нива",14500.0,ЛЕВА,False, продажба,,Хисаря,с.Беловица,,,,https://homes.bg/offer/zemya-za-prodazhba/zemedelska-zemya-3500m2-hisarya-s.belovica/la33979,3.0,2025-01-13 18:03:36.973121,https://www.homes.bg/api/offers??currencyId=1&filterOrderBy=0&locationId=0&typeId=LandAgro,homes.bg,2176,2025-01-13,33979,,,,
"Земеделска земя, 4000m²","Категория 4, Овощна градина",82000.0,ЛЕВА,False, продажба,,Родопи,с.Ягодово,,,,https://homes.bg/offer/zemya-za-prodazhba/zemedelska-zemya-4000m2-rodopi-s.yagodovo/la23557,5.0,2025-01-13 18:03:36.973139,https://www.homes.bg/api/offers??currencyId=1&filterOrderBy=0&locationId=0&typeId=LandAgro,homes.bg,2176,2025-01-13,23557,,,,
"Земеделска земя, 6500m²","Категория 4, Овощна градина",39900.0,EUR,False, продажба,,Родопи,с.Ягодово,,,,https://homes.bg/offer/zemya-za-prodazhba/zemedelska-zemya-6500m2-rodopi-s.yagodovo/la23826,3.0,2025-01-13 18:03:36.973155,https://www.homes.bg/api/offers??currencyId=1&filterOrderBy=0&locationId=0&typeId=LandAgro,homes.bg,2176,2025-01-13,23826,,,,
"Земеделска земя, 8400m²",Нива,82000.0,ЛЕВА,False, продажба,,Родопи,с.Ягодово,,,,https://homes.bg/offer/zemya-za-prodazhba/zemedelska-zemya-8400m2-rodopi-s.yagodovo/la23496,3.0,2025-01-13 18:03:36.973170,https://www.homes.bg/api/offers??currencyId=1&filterOrderBy=0&locationId=0&typeId=LandAgro,homes.bg,2176,2025-01-13,23496,,,,
"Земеделска земя, 10000m²","Категория 4, Нива",102000.0,EUR,False, продажба,,Родопи,с.Ягодово,,,,https://homes.bg/offer/zemya-za-prodazhba/zemedelska-zemya-10000m2-rodopi-s.yagodovo/la21641,2.0,2025-01-13 18:03:36.973185,https://www.homes.bg/api/offers??currencyId=1&filterOrderBy=0&locationId=0&typeId=LandAgro,homes.bg,2176,2025-01-13,21641,,,,
"Земеделска земя, 8000m²","Категория 3, Нива",115000.0,EUR,False, продажба,,Родопи,с.Ягодово,,,,https://homes.bg/offer/zemya-za-prodazhba/zemedelska-zemya-8000m2-rodopi-s.yagodovo/la22386,3.0,2025-01-13 18:03:36.973202,https://www.homes.bg/api/offers??currencyId=1&filterOrderBy=0&locationId=0&typeId=LandAgro,homes.bg,2176,2025-01-13,22386,,,,
"Земеделска земя, 5853m²",Нива,128766.0,EUR,False, продажба,,Пловдив,с.Скутаре,,,,https://homes.bg/offer/zemya-za-prodazhba/zemedelska-zemya-5853m2-plovdiv-s.skutare/la19436,4.0,2025-01-13 18:03:36.973219,https://www.homes.bg/api/offers??currencyId=1&filterOrderBy=0&locationId=0&typeId=LandAgro,homes.bg,2176,2025-01-13,19436,,,,
"Земеделска земя, 3900m²","Категория 4, Нива",57000.0,ЛЕВА,False, продажба,,Марица,с.Скутаре,,,,https://homes.bg/offer/zemya-za-prodazhba/zemedelska-zemya-3900m2-marica-s.skutare/la23508,3.0,2025-01-13 18:03:36.973235,https://www.homes.bg/api/offers??currencyId=1&filterOrderBy=0&locationId=0&typeId=LandAgro,homes.bg,2176,2025-01-13,23508,,,,
"Земеделска земя, 6100m²","Категория 4, Нива",75000.0,ЛЕВА,False, продажба,,Марица,с.Скутаре,,,,https://homes.bg/offer/zemya-za-prodazhba/zemedelska-zemya-6100m2-marica-s.skutare/la21450,3.0,2025-01-13 18:03:36.973250,https://www.homes.bg/api/offers??currencyId=1&filterOrderBy=0&locationId=0&typeId=LandAgro,homes.bg,2176,2025-01-13,21450,,,,
"Земеделска земя, 3400m²","Категория 5, Нива",71500.0,ЛЕВА,False, продажба,,Марица,с.Скутаре,,,,https://homes.bg/offer/zemya-za-prodazhba/zemedelska-zemya-3400m2-marica-s.skutare/la23495,3.0,2025-01-13 18:03:36.973265,https://www.homes.bg/api/offers??currencyId=1&filterOrderBy=0&locationId=0&typeId=LandAgro,homes.bg,2176,2025-01-13,23495,,,,
"Земеделска земя, 5400m²","Категория 5, Нива",56600.0,EUR,False, продажба,,Марица,с.Скутаре,,,,https://homes.bg/offer/zemya-za-prodazhba/zemedelska-zemya-5400m2-marica-s.skutare/la33799,8.0,2025-01-13 18:03:36.973283,https://www.homes.bg/api/offers??currencyId=1&filterOrderBy=0&locationId=0&typeId=LandAgro,homes.bg,2176,2025-01-13,33799,,,,
"Земеделска земя, 4740m²","Категория 4, Нива",168500.0,EUR,False, продажба,,Марица,с.Скутаре,,,,https://homes.bg/offer/zemya-za-prodazhba/zemedelska-zemya-4740m2-marica-s.skutare/la21216,2.0,2025-01-13 18:03:36.973298,https://www.homes.bg/api/offers??currencyId=1&filterOrderBy=0&locationId=0&typeId=LandAgro,homes.bg,2176,2025-01-13,21216,,,,
"Земеделска земя, 16200m²","Категория 4, Нива",82500.0,EUR,False, продажба,,Раковски,с.Стряма,,,,https://homes.bg/offer/zemya-za-prodazhba/zemedelska-zemya-16200m2-rakovski-s.stryama/la34472,3.0,2025-01-13 18:03:36.973313,https://www.homes.bg/api/offers??currencyId=1&filterOrderBy=0&locationId=0&typeId=LandAgro,homes.bg,2176,2025-01-13,34472,,,,
"Земеделска земя, 39200m²","Категория 5, Нива",242000.0,EUR,False, продажба,,Раковски,с.Стряма,,,,https://homes.bg/offer/zemya-za-prodazhba/zemedelska-zemya-39200m2-rakovski-s.stryama/la21215,4.0,2025-01-13 18:03:36.973328,https://www.homes.bg/api/offers??currencyId=1&filterOrderBy=0&locationId=0&typeId=LandAgro,homes.bg,2176,2025-01-13,21215,,,,
"Земеделска земя, 5000m²","Категория 2, Нива",15000.0,ЛЕВА,False, продажба,,Плевен,с.Буковлък,,,,https://homes.bg/offer/zemya-za-prodazhba/zemedelska-zemya-5000m2-pleven-s.bukovlyk/la34474,2.0,2025-01-13 18:03:36.973343,https://www.homes.bg/api/offers??currencyId=1&filterOrderBy=0&locationId=0&typeId=LandAgro,homes.bg,2176,2025-01-13,34474,,,,
"Земеделска земя, 2809m²",Нива,67388.0,EUR,False, продажба,,Пловдив,с.Извор,,,,https://homes.bg/offer/zemya-za-prodazhba/zemedelska-zemya-2809m2-plovdiv-s.izvor/la23117,4.0,2025-01-13 18:03:36.973359,https://www.homes.bg/api/offers??currencyId=1&filterOrderBy=0&locationId=0&typeId=LandAgro,homes.bg,2176,2025-01-13,23117,,,,
"Земеделска земя, 1000m²","Категория 3, Лозе",1280.0,EUR,False, продажба,,Сухиндол,с.Горско Калугерово,,,,https://homes.bg/offer/zemya-za-prodazhba/zemedelska-zemya-1000m2-suhindol-s.gorsko-kalugerovo/la24663,1.0,2025-01-13 18:03:36.973373,https://www.homes.bg/api/offers??currencyId=1&filterOrderBy=0&locationId=0&typeId=LandAgro,homes.bg,2176,2025-01-13,24663,,,,
"Земеделска земя, 4800m²","Категория 9, Нива",1500.0,EUR,False, продажба,,Сухиндол,с.Горско Калугерово,,,,https://homes.bg/offer/zemya-za-prodazhba/zemedelska-zemya-4800m2-suhindol-s.gorsko-kalugerovo/la24662,1.0,2025-01-13 18:03:36.973387,https://www.homes.bg/api/offers??currencyId=1&filterOrderBy=0&locationId=0&typeId=LandAgro,homes.bg,2176,2025-01-13,24662,,,,
"Земеделска земя, 2500m²","Категория 6, Нива",12800.0,EUR,False, продажба,,Аксаково,с.Кичево,,,,https://homes.bg/offer/zemya-za-prodazhba/zemedelska-zemya-2500m2-aksakovo-s.kichevo/la25142,1.0,2025-01-13 18:03:36.973401,https://www.homes.bg/api/offers??currencyId=1&filterOrderBy=0&locationId=0&typeId=LandAgro,homes.bg,2176,2025-01-13,25142,,,,
"Земеделска земя, 5600m²","Категория 3, Нива",7160.0,EUR,False, продажба,,Сухиндол,с.Горско Калугерово,,,,https://homes.bg/offer/zemya-za-prodazhba/zemedelska-zemya-5600m2-suhindol-s.gorsko-kalugerovo/la24664,1.0,2025-01-13 18:03:36.973414,https://www.homes.bg/api/offers??currencyId=1&filterOrderBy=0&locationId=0&typeId=LandAgro,homes.bg,2176,2025-01-13,24664,,,,
"Земеделска земя, 4000m²","Категория 6, Нива",40000.0,EUR,False, продажба,,Аксаково,с.Осеново,,,,https://homes.bg/offer/zemya-za-prodazhba/zemedelska-zemya-4000m2-aksakovo-s.osenovo/la25145,0.0,2025-01-13 18:03:36.973428,https://www.homes.bg/api/offers??currencyId=1&filterOrderBy=0&locationId=0&typeId=LandAgro,homes.bg,2176,2025-01-13,25145,,,,
"Земеделска земя, 7000m²","Категория 6, Нива",8200.0,EUR,False, продажба,,Варна,м-т Перчемлия,,,,https://homes.bg/offer/zemya-za-prodazhba/zemedelska-zemya-7000m2-varna-m-t-perchemliya/la25143,0.0,2025-01-13 18:03:36.973441,https://www.homes.bg/api/offers??currencyId=1&filterOrderBy=0&locationId=0&typeId=LandAgro,homes.bg,2176,2025-01-13,25143,,,,
"Земеделска земя, 10000m²","Категория 5, Нива",35000.0,EUR,False, продажба,,Варна,м-т Боровец,,,,https://homes.bg/offer/zemya-za-prodazhba/zemedelska-zemya-10000m2-varna-m-t-borovec/la24851,0.0,2025-01-13 18:03:36.973456,https://www.homes.bg/api/offers??currencyId=1&filterOrderBy=0&locationId=0&typeId=LandAgro,homes.bg,2176,2025-01-13,24851,,,,
"Земеделска земя, 3000m²","Категория 8, Нива",36000.0,EUR,False, продажба,,Варна,м-т Перчемлия,,,,https://homes.bg/offer/zemya-za-prodazhba/zemedelska-zemya-3000m2-varna-m-t-perchemliya/la25144,0.0,2025-01-13 18:03:36.973469,https://www.homes.bg/api/offers??currencyId=1&filterOrderBy=0&locationId=0&typeId=LandAgro,homes.bg,2176,2025-01-13,25144,,,,
"Земеделска земя, 5000m²","Категория 6, Нива",6500.0,EUR,False, продажба,,Варна,м-т Перчемлия,,,,https://homes.bg/offer/zemya-za-prodazhba/zemedelska-zemya-5000m2-varna-m-t-perchemliya/la25171,0.0,2025-01-13 18:03:36.973482,https://www.homes.bg/api/offers??currencyId=1&filterOrderBy=0&locationId=0&typeId=LandAgro,homes.bg,2176,2025-01-13,25171,,,,
"Земеделска земя, 5750m²","Категория 5, Нива",57430.0,EUR,False, продажба,,Варна,с.Тополи,,,,https://homes.bg/offer/zemya-za-prodazhba/zemedelska-zemya-5750m2-varna-s.topoli/la34469,0.0,2025-01-13 18:03:36.973496,https://www.homes.bg/api/offers??currencyId=1&filterOrderBy=0&locationId=0&typeId=LandAgro,homes.bg,2176,2025-01-13,34469,,,,
"Земеделска земя, 3410m²","Категория 4, Овощна градина",139810.0,EUR,False, продажба,,Пловдив,кв. Коматево,,,,https://homes.bg/offer/zemya-za-prodazhba/zemedelska-zemya-3410m2-plovdiv-kv.-komatevo/la22574,7.0,2025-01-13 18:03:36.973514,https://www.homes.bg/api/offers??currencyId=1&filterOrderBy=0&locationId=0&typeId=LandAgro,homes.bg,2176,2025-01-13,22574,,,,
"Земеделска земя, 12001m²",,85000.0,EUR,False, продажба,,Ямбол,с.Тенево,,,,https://homes.bg/offer/zemya-za-prodazhba/zemedelska-zemya-12001m2-yambol-s.tenevo/la34549,1.0,2025-01-13 18:03:36.973528,https://www.homes.bg/api/offers??currencyId=1&filterOrderBy=0&locationId=0&typeId=LandAgro,homes.bg,2176,2025-01-13,34549,,,,
"Земеделска земя, 7563m²","Категория 3, Нива",63000.0,EUR,False, продажба,,Пловдив,с.Рогош,,,,https://homes.bg/offer/zemya-za-prodazhba/zemedelska-zemya-7563m2-plovdiv-s.rogosh/la34242,2.0,2025-01-13 18:03:36.973541,https://www.homes.bg/api/offers??currencyId=1&filterOrderBy=0&locationId=0&typeId=LandAgro,homes.bg,2176,2025-01-13,34242,,,,
"Земеделска земя, 5001m²",,20004.0,ЛЕВА,False, продажба,,Добрич,с.Раковски,,,,https://homes.bg/offer/zemya-za-prodazhba/zemedelska-zemya-5001m2-dobrich-s.rakovski/la34034,1.0,2025-01-13 18:03:36.973552,https://www.homes.bg/api/offers??currencyId=1&filterOrderBy=0&locationId=0&typeId=LandAgro,homes.bg,2176,2025-01-13,34034,,,,
"Земеделска земя, 13400m²",,134000.0,EUR,False, продажба,,Пловдив,гр.Първомай,,,,https://homes.bg/offer/zemya-za-prodazhba/zemedelska-zemya-13400m2-plovdiv-gr.pyrvomaj/la34177,1.0,2025-01-13 18:03:36.973563,https://www.homes.bg/api/offers??currencyId=1&filterOrderBy=0&locationId=0&typeId=LandAgro,homes.bg,2176,2025-01-13,34177,,,,
"Земеделска земя, 3907m²",,175680.0,EUR,False, продажба,,Пловдив,с.Брестник,,,,https://homes.bg/offer/zemya-za-prodazhba/zemedelska-zemya-3907m2-plovdiv-s.brestnik/la33465,2.0,2025-01-13 18:03:36.973574,https://www.homes.bg/api/offers??currencyId=1&filterOrderBy=0&locationId=0&typeId=LandAgro,homes.bg,2176,2025-01-13,33465,,,,
"Земеделска земя, 6739m²",,26956.0,ЛЕВА,False, продажба,,Добрич,с.Хаджи Димитър,,,,https://homes.bg/offer/zemya-za-prodazhba/zemedelska-zemya-6739m2-dobrich-s.hadzhi-dimityr/la34033,1.0,2025-01-13 18:03:36.973585,https://www.homes.bg/api/offers??currencyId=1&filterOrderBy=0&locationId=0&typeId=LandAgro,homes.bg,2176,2025-01-13,34033,,,,
"Земеделска земя, 500m²","Категория 4, Ливада",6900.0,EUR,False, продажба,,Бойчиновци,с.Мърчево,,,,https://homes.bg/offer/zemya-za-prodazhba/zemedelska-zemya-500m2-bojchinovci-s.myrchevo/la34619,5.0,2025-01-13 18:03:36.973599,https://www.homes.bg/api/offers??currencyId=1&filterOrderBy=0&locationId=0&typeId=LandAgro,homes.bg,2176,2025-01-13,34619,,,,
"Земеделска земя, 3124m²","Категория 4, Пасище",2343.0,ЛЕВА,False, продажба,,Попово,с.Долна Кабда,,,,https://homes.bg/offer/zemya-za-prodazhba/zemedelska-zemya-3124m2-popovo-s.dolna-kabda/la20782,0.0,2025-01-13 18:03:36.973610,https://www.homes.bg/api/offers??currencyId=1&filterOrderBy=0&locationId=0&typeId=LandAgro,homes.bg,2176,2025-01-13,20782,,,,
"Земеделска земя, 6160m²","Категория 3, Нива",4620.0,ЛЕВА,False, продажба,,Попово,с.Долна Кабда,,,,https://homes.bg/offer/zemya-za-prodazhba/zemedelska-zemya-6160m2-popovo-s.dolna-kabda/la20779,0.0,2025-01-13 18:03:36.973620,https://www.homes.bg/api/offers??currencyId=1&filterOrderBy=0&locationId=0&typeId=LandAgro,homes.bg,2176,2025-01-13,20779,,,,
"Земеделска земя, 4061m²",Друго,40610.0,EUR,False, продажба,,Пловдив,Пловдив,,,,https://homes.bg/offer/zemya-za-prodazhba/zemedelska-zemya-4061m2-plovdiv-plovdiv/la34671,1.0,2025-01-13 18:03:36.973631,https://www.homes.bg/api/offers??currencyId=1&filterOrderBy=0&locationId=0&typeId=LandAgro,homes.bg,2176,2025-01-13,34671,,,,
"Земеделска земя, 4200m²",Друго,30000.0,EUR,False, продажба,,Пловдив,с.Първенец,,,,https://homes.bg/offer/zemya-za-prodazhba/zemedelska-zemya-4200m2-plovdiv-s.pyrvenec/la34648,3.0,2025-01-13 18:03:36.973643,https://www.homes.bg/api/offers??currencyId=1&filterOrderBy=0&locationId=0&typeId=LandAgro,homes.bg,2176,2025-01-13,34648,,,,
"Земеделска земя, 6905m²",Друго,14000.0,EUR,False, продажба,,Пазарджик,,,,,https://homes.bg/offer/zemya-za-prodazhba/zemedelska-zemya-6905m2-pazardzhik-/la34673,4.0,2025-01-13 18:03:36.973657,https://www.homes.bg/api/offers??currencyId=1&filterOrderBy=0&locationId=0&typeId=LandAgro,homes.bg,2176,2025-01-13,34673,,,,
"Земеделска земя, 4007m²",Друго,0.0,EUR,False, продажба,,Пловдив,с.Радиново,,,,https://homes.bg/offer/zemya-za-prodazhba/zemedelska-zemya-4007m2-plovdiv-s.radinovo/la34670,1.0,2025-01-13 18:03:36.973668,https://www.homes.bg/api/offers??currencyId=1&filterOrderBy=0&locationId=0&typeId=LandAgro,homes.bg,2176,2025-01-13,34670,,,,
"Земеделска земя, 2500m²",,17500.0,ЛЕВА,False, продажба,,Смолян,с.Киселичево,,,,https://homes.bg/offer/zemya-za-prodazhba/zemedelska-zemya-2500m2-smolyan-s.kiselichevo/la34178,1.0,2025-01-13 18:03:36.973679,https://www.homes.bg/api/offers??currencyId=1&filterOrderBy=0&locationId=0&typeId=LandAgro,homes.bg,2176,2025-01-13,34178,,,,
"Земеделска земя, 21402m²",,129000.0,EUR,False, продажба,,Пловдив,с.Чешнегирово,,,,https://homes.bg/offer/zemya-za-prodazhba/zemedelska-zemya-21402m2-plovdiv-s.cheshnegirovo/la34633,7.0,2025-01-13 18:03:36.973692,https://www.homes.bg/api/offers??currencyId=1&filterOrderBy=0&locationId=0&typeId=LandAgro,homes.bg,2176,2025-01-13,34633,,,,
"Земеделска земя, 10001m²",,70000.0,ЛЕВА,False, продажба,,Смолян,с.Киселичево,,,,https://homes.bg/offer/zemya-za-prodazhba/zemedelska-zemya-10001m2-smolyan-s.kiselichevo/la34179,1.0,2025-01-13 18:03:36.973703,https://www.homes.bg/api/offers??currencyId=1&filterOrderBy=0&locationId=0&typeId=LandAgro,homes.bg,2176,2025-01-13,34179,,,,
"Земеделска земя, 120000m²",,456000.0,ЛЕВА,False, продажба,,Ямбол,с.Маломир,,,,https://homes.bg/offer/zemya-za-prodazhba/zemedelska-zemya-120000m2-yambol-s.malomir/la34540,1.0,2025-01-13 18:03:36.973714,https://www.homes.bg/api/offers??currencyId=1&filterOrderBy=0&locationId=0&typeId=LandAgro,homes.bg,2176,2025-01-13,34540,,,,
"Земеделска земя, 15557m²","Категория 4, Нива",150000.0,EUR,False, продажба,,Елин Пелин,гр.Елин Пелин,,,,https://homes.bg/offer/zemya-za-prodazhba/zemedelska-zemya-15557m2-elin-pelin-gr.elin-pelin/la21378,1.0,2025-01-13 18:03:36.973725,https://www.homes.bg/api/offers??currencyId=1&filterOrderBy=0&locationId=0&typeId=LandAgro,homes.bg,2176,2025-01-13,21378,,,,
"Земеделска земя, 3324m²",,99720.0,EUR,False, продажба,,Пловдив,с.Белащица,,,,https://homes.bg/offer/zemya-za-prodazhba/zemedelska-zemya-3324m2-plovdiv-s.belashtica/la34626,1.0,2025-01-13 18:03:36.973735,https://www.homes.bg/api/offers??currencyId=1&filterOrderBy=0&locationId=0&typeId=LandAgro,homes.bg,2176,2025-01-13,34626,,,,
"Земеделска земя, 2700m²",Нива,34000.0,EUR,False, продажба,,Пловдив,с.Първенец,,,,https://homes.bg/offer/zemya-za-prodazhba/zemedelska-zemya-2700m2-plovdiv-s.pyrvenec/la34507,2.0,2025-01-13 18:03:36.973747,https://www.homes.bg/api/offers??currencyId=1&filterOrderBy=0&locationId=0&typeId=LandAgro,homes.bg,2176,2025-01-13,34507,,,,
"Земеделска земя, 3000m²","Категория 5, Нива",45000.0,ЛЕВА,False, продажба,,Благоевград,с.Рилци,,,,https://homes.bg/offer/zemya-za-prodazhba/zemedelska-zemya-3000m2-blagoevgrad-s.rilci/la34450,2.0,2025-01-13 18:03:36.973758,https://www.homes.bg/api/offers??currencyId=1&filterOrderBy=0&locationId=0&typeId=LandAgro,homes.bg,2176,2025-01-13,34450,,,,
"Земеделска земя, 1618m²","Категория 6, Нива",64720.0,EUR,False, продажба,,Банско,гр.Банско,,,,https://homes.bg/offer/zemya-za-prodazhba/zemedelska-zemya-1618m2-bansko-gr.bansko/la34344,4.0,2025-01-13 18:03:36.973770,https://www.homes.bg/api/offers??currencyId=1&filterOrderBy=0&locationId=0&typeId=LandAgro,homes.bg,2176,2025-01-13,34344,,,,
"Земеделска земя, 2841m²",Ливада,113640.0,EUR,False, продажба,,Банско,гр.Банско,,,,https://homes.bg/offer/zemya-za-prodazhba/zemedelska-zemya-2841m2-bansko-gr.bansko/la34336,5.0,2025-01-13 18:03:36.973783,https://www.homes.bg/api/offers??currencyId=1&filterOrderBy=0&locationId=0&typeId=LandAgro,homes.bg,2176,2025-01-13,34336,,,,
"Земеделска земя, 950m²","Категория 6, Нива",76000.0,EUR,False, продажба,,Банско,гр.Банско,,,,https://homes.bg/offer/zemya-za-prodazhba/zemedelska-zemya-950m2-bansko-gr.bansko/la34334,3.0,2025-01-13 18:03:36.973794,https://www.homes.bg/api/offers??currencyId=1&filterOrderBy=0&locationId=0&typeId=LandAgro,homes.bg,2176,2025-01-13,34334,,,,
"Земеделска земя, 1000m²","Категория 4, Овощна градина",20450.0,EUR,False, продажба,,Благоевград,жк. Струмско,,,,https://homes.bg/offer/zemya-za-prodazhba/zemedelska-zemya-1000m2-blagoevgrad-zhk.-strumsko/la33604,5.0,2025-01-13 18:03:36.973807,https://www.homes.bg/api/offers??currencyId=1&filterOrderBy=0&locationId=0&typeId=LandAgro,homes.bg,2176,2025-01-13,33604,,,,
"Земеделска земя, 2251m²","Категория 5, Нива",23000.0,EUR,False, продажба,,Koчериново,с.Бараково,,,,https://homes.bg/offer/zemya-za-prodazhba/zemedelska-zemya-2251m2-kocherinovo-s.barakovo/la33615,4.0,2025-01-13 18:03:36.973819,https://www.homes.bg/api/offers??currencyId=1&filterOrderBy=0&locationId=0&typeId=LandAgro,homes.bg,2176,2025-01-13,33615,,,,
"Земеделска земя, 1000m²","Категория 4, Овощна градина",20450.0,EUR,False, продажба,,Благоевград,жк. Струмско,,,,https://homes.bg/offer/zemya-za-prodazhba/zemedelska-zemya-1000m2-blagoevgrad-zhk.-strumsko/la33603,3.0,2025-01-13 18:03:36.973831,https://www.homes.bg/api/offers??currencyId=1&filterOrderBy=0&locationId=0&typeId=LandAgro,homes.bg,2176,2025-01-13,33603,,,,
"Земеделска земя, 1498m²","Категория 7, Нива",25000.0,EUR,False, продажба,,Благоевград,с.Дъбрава,,,,https://homes.bg/offer/zemya-za-prodazhba/zemedelska-zemya-1498m2-blagoevgrad-s.dybrava/la34466,6.0,2025-01-13 18:03:36.973843,https://www.homes.bg/api/offers??currencyId=1&filterOrderBy=0&locationId=0&typeId=LandAgro,homes.bg,2176,2025-01-13,34466,,,,
"Земеделска земя, 498m²","Категория 7, Нива",10000.0,EUR,False, продажба,,Благоевград,с.Дъбрава,,,,https://homes.bg/offer/zemya-za-prodazhba/zemedelska-zemya-498m2-blagoevgrad-s.dybrava/la34464,3.0,2025-01-13 18:03:36.973854,https://www.homes.bg/api/offers??currencyId=1&filterOrderBy=0&locationId=0&typeId=LandAgro,homes.bg,2176,2025-01-13,34464,,,,
"Земеделска земя, 1000m²","Категория 7, Нива",50000.0,EUR,False, продажба,,Разлог,с.Баня,,,,https://homes.bg/offer/zemya-za-prodazhba/zemedelska-zemya-1000m2-razlog-s.banya/la34463,4.0,2025-01-13 18:03:36.973866,https://www.homes.bg/api/offers??currencyId=1&filterOrderBy=0&locationId=0&typeId=LandAgro,homes.bg,2176,2025-01-13,34463,,,,
"Земеделска земя, 500m²",,350.0,EUR,False, продажба,,Тервел,с.Безмер,,,,https://homes.bg/offer/zemya-za-prodazhba/zemedelska-zemya-500m2-tervel-s.bezmer/la34627,0.0,2025-01-13 18:03:36.973877,https://www.homes.bg/api/offers??currencyId=1&filterOrderBy=0&locationId=0&typeId=LandAgro,homes.bg,2176,2025-01-13,34627,,,,
"Земеделска земя, 1000m²","Категория 1, Ливада",80000.0,ЛЕВА,False, продажба,,София,кв. Филиповци,,,,https://homes.bg/offer/zemya-za-prodazhba/zemedelska-zemya-1000m2-sofiya-kv.-filipovci/la23379,0.0,2025-01-13 18:03:36.973888,https://www.homes.bg/api/offers??currencyId=1&filterOrderBy=0&locationId=0&typeId=LandAgro,homes.bg,2176,2025-01-13,23379,,,,
"Земеделска земя, 4741m²",,237050.0,EUR,False, продажба,,София -,с.Негован,,,,https://homes.bg/offer/zemya-za-prodazhba/zemedelska-zemya-4741m2-sofiya---grad-s.negovan/la34397,0.0,2025-01-13 18:03:36.973900,https://www.homes.bg/api/offers??currencyId=1&filterOrderBy=0&locationId=0&typeId=LandAgro,homes.bg,2176,2025-01-13,34397,,,,
"Земеделска земя, 30008m²",,60000.0,ЛЕВА,False, продажба,,Ямбол,с.Люлин,,,,https://homes.bg/offer/zemya-za-prodazhba/zemedelska-zemya-30008m2-yambol-s.ljulin/la34532,1.0,2025-01-13 18:03:36.973910,https://www.homes.bg/api/offers??currencyId=1&filterOrderBy=0&locationId=0&typeId=LandAgro,homes.bg,2176,2025-01-13,34532,,,,
"Земеделска земя, 1045m²",,10450.0,EUR,False, продажба,,Пловдив,с.Красново,,,,https://homes.bg/offer/zemya-za-prodazhba/zemedelska-zemya-1045m2-plovdiv-s.krasnovo/la34407,1.0,2025-01-13 18:03:36.973922,https://www.homes.bg/api/offers??currencyId=1&filterOrderBy=0&locationId=0&typeId=LandAgro,homes.bg,2176,2025-01-13,34407,,,,
"Земеделска земя, 7992m²",,4500.0,EUR,False, продажба,,Хасково,гр.Ивайловград,,,,https://homes.bg/offer/zemya-za-prodazhba/zemedelska-zemya-7992m2-haskovo-gr.ivajlovgrad/la23025,0.0,2025-01-13 18:03:36.973932,https://www.homes.bg/api/offers??currencyId=1&filterOrderBy=0&locationId=0&typeId=LandAgro,homes.bg,2176,2025-01-13,23025,,,,
"Земеделска земя, 2935m²",Гора,146750.0,EUR,False, продажба,,Варна,гр.Бяла,,,,https://homes.bg/offer/zemya-za-prodazhba/zemedelska-zemya-2935m2-varna-gr.byala/la24345,0.0,2025-01-13 18:03:36.973942,https://www.homes.bg/api/offers??currencyId=1&filterOrderBy=0&locationId=0&typeId=LandAgro,homes.bg,2176,2025-01-13,24345,,,,
"Земеделска земя, 4399m²",Нива,240000.0,EUR,False, продажба,,Варна,гр.Бяла,,,,https://homes.bg/offer/zemya-za-prodazhba/zemedelska-zemya-4399m2-varna-gr.byala/la24346,0.0,2025-01-13 18:03:36.973952,https://www.homes.bg/api/offers??currencyId=1&filterOrderBy=0&locationId=0&typeId=LandAgro,homes.bg,2176,2025-01-13,24346,,,,
"Земеделска земя, 21000m²",Нива,129780.0,ЛЕВА,False, продажба,,Добрич,с.Смолница,,,,https://homes.bg/offer/zemya-za-prodazhba/zemedelska-zemya-21000m2-dobrich-s.smolnica/la34621,2.0,2025-01-13 18:03:36.973963,https://www.homes.bg/api/offers??currencyId=1&filterOrderBy=0&locationId=0&typeId=LandAgro,homes.bg,2176,2025-01-13,34621,,,,
"Земеделска земя, 4600m²",,92000.0,EUR,False, продажба,,Варна,с.Езерово,,,,https://homes.bg/offer/zemya-za-prodazhba/zemedelska-zemya-4600m2-varna-s.ezerovo/la25123,1.0,2025-01-13 18:03:36.973974,https://www.homes.bg/api/offers??currencyId=1&filterOrderBy=0&locationId=0&typeId=LandAgro,homes.bg,2176,2025-01-13,25123,,,,
"Земеделска земя, 1827m²",,127890.0,EUR,False, продажба,,Варна,гр.Аксаково,,,,https://homes.bg/offer/zemya-za-prodazhba/zemedelska-zemya-1827m2-varna-gr.aksakovo/la25189,1.0,2025-01-13 18:03:36.973985,https://www.homes.bg/api/offers??currencyId=1&filterOrderBy=0&locationId=0&typeId=LandAgro,homes.bg,2176,2025-01-13,25189,,,,
"Земеделска земя, 7500m²","Категория 3, Нива",310000.0,ЛЕВА,False, продажба,,Пловдив, Индустриална зона - Изток,,,,https://homes.bg/offer/zemya-za-prodazhba/zemedelska-zemya-7500m2-plovdiv-industrialna-zona---iztok/la34620,3.0,2025-01-13 18:03:36.973996,https://www.homes.bg/api/offers??currencyId=1&filterOrderBy=0&locationId=0&typeId=LandAgro,homes.bg,2176,2025-01-13,34620,,,,
"Земеделска земя, 2600m²","Категория 9, Лозе",45000.0,ЛЕВА,False, продажба,,Асеновград,гр.Асеновград,,,,https://homes.bg/offer/zemya-za-prodazhba/zemedelska-zemya-2600m2-asenovgrad-gr.asenovgrad/la34064,2.0,2025-01-13 18:03:36.974007,https://www.homes.bg/api/offers??currencyId=1&filterOrderBy=0&locationId=0&typeId=LandAgro,homes.bg,2176,2025-01-13,34064,,,,
"Земеделска земя, 10000m²","Категория 4, Нива",45000.0,EUR,False, продажба,,Марица,с.Бенковски,,,,https://homes.bg/offer/zemya-za-prodazhba/zemedelska-zemya-10000m2-marica-s.benkovski/la34326,2.0,2025-01-13 18:03:36.974018,https://www.homes.bg/api/offers??currencyId=1&filterOrderBy=0&locationId=0&typeId=LandAgro,homes.bg,2176,2025-01-13,34326,,,,
"Земеделска земя, 8822m²",,114690.0,EUR,False, продажба,,Варна,с.Слънчево,,,,https://homes.bg/offer/zemya-za-prodazhba/zemedelska-zemya-8822m2-varna-s.slynchevo/la34149,1.0,2025-01-13 18:03:36.974030,https://www.homes.bg/api/offers??currencyId=1&filterOrderBy=0&locationId=0&typeId=LandAgro,homes.bg,2176,2025-01-13,34149,,,,
"Земеделска земя, 5881m²",,79200.0,EUR,False, продажба,,Варна,с.Слънчево,,,,https://homes.bg/offer/zemya-za-prodazhba/zemedelska-zemya-5881m2-varna-s.slynchevo/la34343,1.0,2025-01-13 18:03:36.974041,https://www.homes.bg/api/offers??currencyId=1&filterOrderBy=0&locationId=0&typeId=LandAgro,homes.bg,2176,2025-01-13,34343,,,,
"Земеделска земя, 10000m²",,3800.0,ЛЕВА,False, продажба,,Ямбол,гр.Стралджа,,,,https://homes.bg/offer/zemya-za-prodazhba/zemedelska-zemya-10000m2-yambol-gr.straldzha/la34622,1.0,2025-01-13 18:03:36.974051,https://www.homes.bg/api/offers??currencyId=1&filterOrderBy=0&locationId=0&typeId=LandAgro,homes.bg,2176,2025-01-13,34622,,,,
"Земеделска земя, 2000m²",,24000.0,ЛЕВА,False, продажба,,Благоевград,с.Логодаж,,,,https://homes.bg/offer/zemya-za-prodazhba/zemedelska-zemya-2000m2-blagoevgrad-s.logodazh/la24521,1.0,2025-01-13 18:03:36.974062,https://www.homes.bg/api/offers??currencyId=1&filterOrderBy=0&locationId=0&typeId=LandAgro,homes.bg,2176,2025-01-13,24521,,,,
"Земеделска земя, 7000m²","Категория 3, Нива",34300.0,EUR,False, продажба,,Несебър,гр.Несебър,,,,https://homes.bg/offer/zemya-za-prodazhba/zemedelska-zemya-7000m2-nesebyr-gr.nesebyr/la24208,1.0,2025-01-13 18:03:36.974074,https://www.homes.bg/api/offers??currencyId=1&filterOrderBy=0&locationId=0&typeId=LandAgro,homes.bg,2176,2025-01-13,24208,,,,
"Земеделска земя, 4000m²","Категория 4, Нива",100000.0,EUR,False, продажба,,Пловдив,с.Оризари,,,,https://homes.bg/offer/zemya-za-prodazhba/zemedelska-zemya-4000m2-plovdiv-s.orizari/la33590,2.0,2025-01-13 18:03:36.974084,https://www.homes.bg/api/offers??currencyId=1&filterOrderBy=0&locationId=0&typeId=LandAgro,homes.bg,2176,2025-01-13,33590,,,,
"Земеделска земя, 2760m²","Категория 5, Нива",31000.0,EUR,False, продажба,,Пловдив,с.Бенковски,,,,https://homes.bg/offer/zemya-za-prodazhba/zemedelska-zemya-2760m2-plovdiv-s.benkovski/la22079,3.0,2025-01-13 18:03:36.974096,https://www.homes.bg/api/offers??currencyId=1&filterOrderBy=0&locationId=0&typeId=LandAgro,homes.bg,2176,2025-01-13,22079,,,,
"Земеделска земя, 1906m²",,47700.0,EUR,False, продажба,,София -,с.Железница,,,,https://homes.bg/offer/zemya-za-prodazhba/zemedelska-zemya-1906m2-sofiya---grad-s.zheleznica/la34243,1.0,2025-01-13 18:03:36.974106,https://www.homes.bg/api/offers??currencyId=1&filterOrderBy=0&locationId=0&typeId=LandAgro,homes.bg,2176,2025-01-13,34243,,,,
"Земеделска земя, 10043m²",,251075.0,EUR,False, продажба,,Пловдив,с.Костиево,,,,https://homes.bg/offer/zemya-za-prodazhba/zemedelska-zemya-10043m2-plovdiv-s.kostievo/la34406,1.0,2025-01-13 18:03:36.974117,https://www.homes.bg/api/offers??currencyId=1&filterOrderBy=0&locationId=0&typeId=LandAgro,homes.bg,2176,2025-01-13,34406,,,,
"Земеделска земя, 901m²",,22600.0,EUR,False, продажба,,София -,с.Железница,,,,https://homes.bg/offer/zemya-za-prodazhba/zemedelska-zemya-901m2-sofiya---grad-s.zheleznica/la34244,1.0,2025-01-13 18:03:36.974128,https://www.homes.bg/api/offers??currencyId=1&filterOrderBy=0&locationId=0&typeId=LandAgro,homes.bg,2176,2025-01-13,34244,,,,
"Земеделска земя, 2003m²","Категория 7, Ливада",65000.0,EUR,False, продажба,,Разлог,гр.Разлог,,,,https://homes.bg/offer/zemya-za-prodazhba/zemedelska-zemya-2003m2-razlog-gr.razlog/la24010,6.0,2025-01-13 18:03:36.974141,https://www.homes.bg/api/offers??currencyId=1&filterOrderBy=0&locationId=0&typeId=LandAgro,homes.bg,2176,2025-01-13,24010,,,,
"Земеделска земя, 1500m²",Нива,62000.0,ЛЕВА,False, продажба,,Пловдив,с.Първенец,,,,https://homes.bg/offer/zemya-za-prodazhba/zemedelska-zemya-1500m2-plovdiv-s.pyrvenec/la34602,1.0,2025-01-13 18:03:39.790159,https://www.homes.bg/api/offers??currencyId=1&filterOrderBy=0&locationId=0&typeId=LandAgro,homes.bg,2176,2025-01-13,34602,,,,
"Земеделска земя, 3016m²","Категория 9, Нива",90480.0,EUR,False, продажба,,Кърджали,с.Опълченско,,,,https://homes.bg/offer/zemya-za-prodazhba/zemedelska-zemya-3016m2-kyrdzhali-s.opylchensko/la34601,1.0,2025-01-13 18:03:39.790334,https://www.homes.bg/api/offers??currencyId=1&filterOrderBy=0&locationId=0&typeId=LandAgro,homes.bg,2176,2025-01-13,34601,,,,
"Земеделска земя, 1500m²","Категория 8, Нива",45000.0,EUR,False, продажба,,Кърджали,с.Опълченско,,,,https://homes.bg/offer/zemya-za-prodazhba/zemedelska-zemya-1500m2-kyrdzhali-s.opylchensko/la34600,1.0,2025-01-13 18:03:39.790358,https://www.homes.bg/api/offers??currencyId=1&filterOrderBy=0&locationId=0&typeId=LandAgro,homes.bg,2176,2025-01-13,34600,,,,
"Земеделска земя, 1006m²","Категория 7, Нива",17500.0,ЛЕВА,False, продажба,,Благоевград,с.Логодаж,,,,https://homes.bg/offer/zemya-za-prodazhba/zemedelska-zemya-1006m2-blagoevgrad-s.logodazh/la34281,1.0,2025-01-13 18:03:39.790376,https://www.homes.bg/api/offers??currencyId=1&filterOrderBy=0&locationId=0&typeId=LandAgro,homes.bg,2176,2025-01-13,34281,,,,
"Земеделска земя, 960m²","Категория 10, Нива",21200.0,ЛЕВА,False, продажба,,Благоевград,с.Бучино,,,,https://homes.bg/offer/zemya-za-prodazhba/zemedelska-zemya-960m2-blagoevgrad-s.buchino/la23422,5.0,2025-01-13 18:03:39.790394,https://www.homes.bg/api/offers??currencyId=1&filterOrderBy=0&locationId=0&typeId=LandAgro,homes.bg,2176,2025-01-13,23422,,,,
"Земеделска земя, 1041m²","Категория 3, Нива",34500.0,EUR,False, продажба,,Благоевград, Първа Промишлена Зона,,,,https://homes.bg/offer/zemya-za-prodazhba/zemedelska-zemya-1041m2-blagoevgrad-pyrva-promishlena-zona/la34257,0.0,2025-01-13 18:03:39.790409,https://www.homes.bg/api/offers??currencyId=1&filterOrderBy=0&locationId=0&typeId=LandAgro,homes.bg,2176,2025-01-13,34257,,,,
"Земеделска земя, 7198m²","Категория 5, Овощна градина",454000.0,EUR,False, продажба,,Пловдив,с.Брестник,,,,https://homes.bg/offer/zemya-za-prodazhba/zemedelska-zemya-7198m2-plovdiv-s.brestnik/la33606,5.0,2025-01-13 18:03:39.790427,https://www.homes.bg/api/offers??currencyId=1&filterOrderBy=0&locationId=0&typeId=LandAgro,homes.bg,2176,2025-01-13,33606,,,,
"Земеделска земя, 2996m²",Нива,28999.0,EUR,False, продажба,,Пловдив,гр.Съединение,,,,https://homes.bg/offer/zemya-za-prodazhba/zemedelska-zemya-2996m2-plovdiv-gr.syedinenie/la34565,2.0,2025-01-13 18:03:39.790441,https://www.homes.bg/api/offers??currencyId=1&filterOrderBy=0&locationId=0&typeId=LandAgro,homes.bg,2176,2025-01-13,34565,,,,
"Земеделска земя, 3800m²","Категория 5, Нива",38000.0,EUR,False, продажба,,Пловдив,с.Строево,,,,https://homes.bg/offer/zemya-za-prodazhba/zemedelska-zemya-3800m2-plovdiv-s.stroevo/la34007,5.0,2025-01-13 18:03:39.790457,https://www.homes.bg/api/offers??currencyId=1&filterOrderBy=0&locationId=0&typeId=LandAgro,homes.bg,2176,2025-01-13,34007,,,,
"Земеделска земя, 3999m²","Категория 9, Друго",37900.0,EUR,False, продажба,,София, Долни Пасарел,,,,https://homes.bg/offer/zemya-za-prodazhba/zemedelska-zemya-3999m2-sofiya-dolni-pasarel/la34597,1.0,2025-01-13 18:03:39.790472,https://www.homes.bg/api/offers??currencyId=1&filterOrderBy=0&locationId=0&typeId=LandAgro,homes.bg,2176,2025-01-13,34597,,,,
"Земеделска земя, 4751m²",Друго,108000.0,EUR,False, продажба,,Пловдив,с.Белащица,,,,https://homes.bg/offer/zemya-za-prodazhba/zemedelska-zemya-4751m2-plovdiv-s.belashtica/la34664,1.0,2025-01-13 18:03:39.790485,https://www.homes.bg/api/offers??currencyId=1&filterOrderBy=0&locationId=0&typeId=LandAgro,homes.bg,2176,2025-01-13,34664,,,,
"Земеделска земя, 14252m²",Друго,285000.0,EUR,False, продажба,,Пловдив,с.Браниполе,,,,https://homes.bg/offer/zemya-za-prodazhba/zemedelska-zemya-14252m2-plovdiv-s.branipole/la34663,1.0,2025-01-13 18:03:39.790500,https://www.homes.bg/api/offers??currencyId=1&filterOrderBy=0&locationId=0&typeId=LandAgro,homes.bg,2176,2025-01-13,34663,,,,
"Земеделска земя, 5183m²",Друго,40000.0,EUR,False, продажба,,Пловдив,с.Първенец,,,,https://homes.bg/offer/zemya-za-prodazhba/zemedelska-zemya-5183m2-plovdiv-s.pyrvenec/la34665,1.0,2025-01-13 18:03:39.790514,https://www.homes.bg/api/offers??currencyId=1&filterOrderBy=0&locationId=0&typeId=LandAgro,homes.bg,2176,2025-01-13,34665,,,,
"Земеделска земя, 9100m²",Друго,91000.0,EUR,False, продажба,,Пловдив,с.Скутаре,,,,https://homes.bg/offer/zemya-za-prodazhba/zemedelska-zemya-9100m2-plovdiv-s.skutare/la34649,3.0,2025-01-13 18:03:39.790527,https://www.homes.bg/api/offers??currencyId=1&filterOrderBy=0&locationId=0&typeId=LandAgro,homes.bg,2176,2025-01-13,34649,,,,
"Земеделска земя, 6898m²",,138000.0,EUR,False, продажба,,Софийска,с.Храбърско,,,,https://homes.bg/offer/zemya-za-prodazhba/zemedelska-zemya-6898m2-sofijska-s.hrabyrsko/la34548,1.0,2025-01-13 18:03:39.790541,https://www.homes.bg/api/offers??currencyId=1&filterOrderBy=0&locationId=0&typeId=LandAgro,homes.bg,2176,2025-01-13,34548,,,,
"Земеделска земя, 4322m²",,30000.0,EUR,False, продажба,,Бургас,с.Тънково,,,,https://homes.bg/offer/zemya-za-prodazhba/zemedelska-zemya-4322m2-burgas-s.tynkovo/la33591,1.0,2025-01-13 18:03:39.790556,https://www.homes.bg/api/offers??currencyId=1&filterOrderBy=0&locationId=0&typeId=LandAgro,homes.bg,2176,2025-01-13,33591,,,,
"Земеделска земя, 1500m²",Нива,90000.0,EUR,False, продажба,,Пловдив,с.Брестник,,,,https://homes.bg/offer/zemya-za-prodazhba/zemedelska-zemya-1500m2-plovdiv-s.brestnik/la23176,1.0,2025-01-13 18:03:39.790569,https://www.homes.bg/api/offers??currencyId=1&filterOrderBy=0&locationId=0&typeId=LandAgro,homes.bg,2176,2025-01-13,23176,,,,
"Земеделска земя, 4930m²",Друго,34510.0,EUR,False, продажба,,Пловдив,с.Войводиново,,,,https://homes.bg/offer/zemya-za-prodazhba/zemedelska-zemya-4930m2-plovdiv-s.vojvodinovo/la34650,2.0,2025-01-13 18:03:39.790583,https://www.homes.bg/api/offers??currencyId=1&filterOrderBy=0&locationId=0&typeId=LandAgro,homes.bg,2176,2025-01-13,34650,,,,
"Земеделска земя, 1400m²","Категория 4, Овощна градина",8500.0,ЛЕВА,False, продажба,,Стамболийски,с.Куртово Конаре,,,,https://homes.bg/offer/zemya-za-prodazhba/zemedelska-zemya-1400m2-stambolijski-s.kurtovo-konare/la34589,3.0,2025-01-13 18:03:39.790597,https://www.homes.bg/api/offers??currencyId=1&filterOrderBy=0&locationId=0&typeId=LandAgro,homes.bg,2176,2025-01-13,34589,,,,
"Земеделска земя, 1890m²",,45000.0,EUR,False, продажба,,Пловдив,с.Цалапица,,,,https://homes.bg/offer/zemya-za-prodazhba/zemedelska-zemya-1890m2-plovdiv-s.calapica/la34137,1.0,2025-01-13 18:03:39.790611,https://www.homes.bg/api/offers??currencyId=1&filterOrderBy=0&locationId=0&typeId=LandAgro,homes.bg,2176,2025-01-13,34137,,,,
"Земеделска земя, 20000m²","Категория 8, Нива",26000.0,ЛЕВА,False, продажба,,Антоново,с.Вельово,,,,https://homes.bg/offer/zemya-za-prodazhba/zemedelska-zemya-20000m2-antonovo-s.veljovo/la34588,0.0,2025-01-13 18:03:39.790624,https://www.homes.bg/api/offers??currencyId=1&filterOrderBy=0&locationId=0&typeId=LandAgro,homes.bg,2176,2025-01-13,34588,,,,
"Земеделска земя, 4548m²",Друго,113700.0,EUR,False, продажба,,Бургас,Бургас,,,,https://homes.bg/offer/zemya-za-prodazhba/zemedelska-zemya-4548m2-burgas-burgas/la34481,2.0,2025-01-13 18:03:39.790638,https://www.homes.bg/api/offers??currencyId=1&filterOrderBy=0&locationId=0&typeId=LandAgro,homes.bg,2176,2025-01-13,34481,,,,
"Земеделска земя, 892m²",,49000.0,EUR,False, продажба,,София,кв. Суходол,,,,https://homes.bg/offer/zemya-za-prodazhba/zemedelska-zemya-892m2-sofiya-kv.-suhodol/la25127,4.0,2025-01-13 18:03:39.790653,https://www.homes.bg/api/offers??currencyId=1&filterOrderBy=0&locationId=0&typeId=LandAgro,homes.bg,2176,2025-01-13,25127,,,,
"Земеделска земя, 4276m²","Категория 8, Нива",64140.0,EUR,False, продажба,,Пловдив,гр.Стамболийски,,,,https://homes.bg/offer/zemya-za-prodazhba/zemedelska-zemya-4276m2-plovdiv-gr.stambolijski/la34583,1.0,2025-01-13 18:03:39.790669,https://www.homes.bg/api/offers??currencyId=1&filterOrderBy=0&locationId=0&typeId=LandAgro,homes.bg,2176,2025-01-13,34583,,,,
"Земеделска земя, 3600m²",Нива,16400.0,ЛЕВА,False, продажба,,Пловдив,с.Брестовица,,,,https://homes.bg/offer/zemya-za-prodazhba/zemedelska-zemya-3600m2-plovdiv-s.brestovica/la34576,1.0,2025-01-13 18:03:39.790683,https://www.homes.bg/api/offers??currencyId=1&filterOrderBy=0&locationId=0&typeId=LandAgro,homes.bg,2176,2025-01-13,34576,,,,
"Земеделска земя, 12423m²","Категория 5, Нива",468000.0,EUR,False, продажба,,Пловдив, Индустриална зона - Север,,,,https://homes.bg/offer/zemya-za-prodazhba/zemedelska-zemya-12423m2-plovdiv-industrialna-zona---sever/la24689,7.0,2025-01-13 18:03:39.790697,https://www.homes.bg/api/offers??currencyId=1&filterOrderBy=0&locationId=0&typeId=LandAgro,homes.bg,2176,2025-01-13,24689,,,,
"Земеделска земя, 4740m²","Категория 4, Нива",172000.0,EUR,False, продажба,,Пловдив,с.Скутаре,,,,https://homes.bg/offer/zemya-za-prodazhba/zemedelska-zemya-4740m2-plovdiv-s.skutare/la34572,1.0,2025-01-13 18:03:39.790711,https://www.homes.bg/api/offers??currencyId=1&filterOrderBy=0&locationId=0&typeId=LandAgro,homes.bg,2176,2025-01-13,34572,,,,
"Земеделска земя, 1960m²",Нива,88200.0,EUR,False, продажба,,Пловдив,с.Брестник,,,,https://homes.bg/offer/zemya-za-prodazhba/zemedelska-zemya-1960m2-plovdiv-s.brestnik/la34573,1.0,2025-01-13 18:03:39.790724,https://www.homes.bg/api/offers??currencyId=1&filterOrderBy=0&locationId=0&typeId=LandAgro,homes.bg,2176,2025-01-13,34573,,,,
"Земеделска земя, 5824m²","Категория 5, Нива",116480.0,EUR,False, продажба,,Пловдив,с.Труд,,,,https://homes.bg/offer/zemya-za-prodazhba/zemedelska-zemya-5824m2-plovdiv-s.trud/la20514,2.0,2025-01-13 18:03:39.790738,https://www.homes.bg/api/offers??currencyId=1&filterOrderBy=0&locationId=0&typeId=LandAgro,homes.bg,2176,2025-01-13,20514,,,,
"Земеделска земя, 12000m²","Категория 4, Нива",69000.0,ЛЕВА,False, продажба,,Марица,с.Труд,,,,https://homes.bg/offer/zemya-za-prodazhba/zemedelska-zemya-12000m2-marica-s.trud/la33738,3.0,2025-01-13 18:03:39.790751,https://www.homes.bg/api/offers??currencyId=1&filterOrderBy=0&locationId=0&typeId=LandAgro,homes.bg,2176,2025-01-13,33738,,,,
"Земеделска земя, 1100m²","Категория 3, Овощна градина",35000.0,ЛЕВА,False, продажба,,Първомай,с.Градина,,,,https://homes.bg/offer/zemya-za-prodazhba/zemedelska-zemya-1100m2-pyrvomaj-s.gradina/la33751,2.0,2025-01-13 18:03:39.790765,https://www.homes.bg/api/offers??currencyId=1&filterOrderBy=0&locationId=0&typeId=LandAgro,homes.bg,2176,2025-01-13,33751,,,,
"Земеделска земя, 523000m²","Категория 4, Лозе",1350000.0,EUR,False, продажба,,Пловдив,гр.Кричим,,,,https://homes.bg/offer/zemya-za-prodazhba/zemedelska-zemya-523000m2-plovdiv-gr.krichim/la21901,4.0,2025-01-13 18:03:39.790783,https://www.homes.bg/api/offers??currencyId=1&filterOrderBy=0&locationId=0&typeId=LandAgro,homes.bg,2176,2025-01-13,21901,,,,
"Земеделска земя, 8500m²","Категория 4, Нива",13500.0,ЛЕВА,False, продажба,,Брезово,с.Тюркмен,,,,https://homes.bg/offer/zemya-za-prodazhba/zemedelska-zemya-8500m2-brezovo-s.tjurkmen/la33583,2.0,2025-01-13 18:03:39.790799,https://www.homes.bg/api/offers??currencyId=1&filterOrderBy=0&locationId=0&typeId=LandAgro,homes.bg,2176,2025-01-13,33583,,,,
"Земеделска земя, 19600m²","Категория 9, Нива",13800.0,EUR,False, продажба,,Съединение,с.Драгомир,,,,https://homes.bg/offer/zemya-za-prodazhba/zemedelska-zemya-19600m2-syedinenie-s.dragomir/la33528,4.0,2025-01-13 18:03:39.790815,https://www.homes.bg/api/offers??currencyId=1&filterOrderBy=0&locationId=0&typeId=LandAgro,homes.bg,2176,2025-01-13,33528,,,,
"Земеделска земя, 19600m²","Категория 4, Нива",51500.0,EUR,False, продажба,,Марица,с.Радиново,,,,https://homes.bg/offer/zemya-za-prodazhba/zemedelska-zemya-19600m2-marica-s.radinovo/la23499,3.0,2025-01-13 18:03:39.790830,https://www.homes.bg/api/offers??currencyId=1&filterOrderBy=0&locationId=0&typeId=LandAgro,homes.bg,2176,2025-01-13,23499,,,,
"Земеделска земя, 3000m²","Категория 4, Овощна градина",6300.0,EUR,False, продажба,,Родопи,с.Кадиево,,,,https://homes.bg/offer/zemya-za-prodazhba/zemedelska-zemya-3000m2-rodopi-s.kadievo/la33567,5.0,2025-01-13 18:03:39.790846,https://www.homes.bg/api/offers??currencyId=1&filterOrderBy=0&locationId=0&typeId=LandAgro,homes.bg,2176,2025-01-13,33567,,,,
"Земеделска земя, 1700m²","Категория 8, Нива",9200.0,EUR,False, продажба,,Родопи,с.Дедово,,,,https://homes.bg/offer/zemya-za-prodazhba/zemedelska-zemya-1700m2-rodopi-s.dedovo/la33584,0.0,2025-01-13 18:03:39.790859,https://www.homes.bg/api/offers??currencyId=1&filterOrderBy=0&locationId=0&typeId=LandAgro,homes.bg,2176,2025-01-13,33584,,,,
"Земеделска земя, 3700m²","Категория 6, Нива",23600.0,EUR,False, продажба,,Родопи,с.Брестовица,,,,https://homes.bg/offer/zemya-za-prodazhba/zemedelska-zemya-3700m2-rodopi-s.brestovica/la21622,3.0,2025-01-13 18:03:39.790874,https://www.homes.bg/api/offers??currencyId=1&filterOrderBy=0&locationId=0&typeId=LandAgro,homes.bg,2176,2025-01-13,21622,,,,
"Земеделска земя, 7200m²","Категория 5, Нива",18700.0,EUR,False, продажба,,Марица,с.Рогош,,,,https://homes.bg/offer/zemya-za-prodazhba/zemedelska-zemya-7200m2-marica-s.rogosh/la33565,3.0,2025-01-13 18:03:39.790888,https://www.homes.bg/api/offers??currencyId=1&filterOrderBy=0&locationId=0&typeId=LandAgro,homes.bg,2176,2025-01-13,33565,,,,
"Земеделска земя, 2500m²",Гора,26500.0,ЛЕВА,False, продажба,,Родопи,с.Бойково,,,,https://homes.bg/offer/zemya-za-prodazhba/zemedelska-zemya-2500m2-rodopi-s.bojkovo/la23157,3.0,2025-01-13 18:03:39.790904,https://www.homes.bg/api/offers??currencyId=1&filterOrderBy=0&locationId=0&typeId=LandAgro,homes.bg,2176,2025-01-13,23157,,,,
"Земеделска земя, 3500m²","Категория 8, Гора",66800.0,ЛЕВА,False, продажба,,Родопи,с.Бойково,,,,https://homes.bg/offer/zemya-za-prodazhba/zemedelska-zemya-3500m2-rodopi-s.bojkovo/la23292,3.0,2025-01-13 18:03:39.790918,https://www.homes.bg/api/offers??currencyId=1&filterOrderBy=0&locationId=0&typeId=LandAgro,homes.bg,2176,2025-01-13,23292,,,,
"Земеделска земя, 3000m²",Гора,31000.0,ЛЕВА,False, продажба,,Родопи,с.Бойково,,,,https://homes.bg/offer/zemya-za-prodazhba/zemedelska-zemya-3000m2-rodopi-s.bojkovo/la23293,3.0,2025-01-13 18:03:39.790932,https://www.homes.bg/api/offers??currencyId=1&filterOrderBy=0&locationId=0&typeId=LandAgro,homes.bg,2176,2025-01-13,23293,,,,
"Земеделска земя, 7900m²","Категория 5, Нива",33000.0,ЛЕВА,False, продажба,,Карлово,гр.Баня,,,,https://homes.bg/offer/zemya-za-prodazhba/zemedelska-zemya-7900m2-karlovo-gr.banya/la25194,0.0,2025-01-13 18:03:39.790945,https://www.homes.bg/api/offers??currencyId=1&filterOrderBy=0&locationId=0&typeId=LandAgro,homes.bg,2176,2025-01-13,25194,,,,
"Земеделска земя, 6300m²","Категория 3, Лозе",190000.0,EUR,False, продажба,,Пловдив,с.Браниполе,,,,https://homes.bg/offer/zemya-za-prodazhba/zemedelska-zemya-6300m2-plovdiv-s.branipole/la21371,4.0,2025-01-13 18:03:39.790961,https://www.homes.bg/api/offers??currencyId=1&filterOrderBy=0&locationId=0&typeId=LandAgro,homes.bg,2176,2025-01-13,21371,,,,
"Земеделска земя, 13000m²","Категория 4, Нива",195000.0,ЛЕВА,False, продажба,,Марица,с.Войводиново,,,,https://homes.bg/offer/zemya-za-prodazhba/zemedelska-zemya-13000m2-marica-s.vojvodinovo/la19844,3.0,2025-01-13 18:03:39.790975,https://www.homes.bg/api/offers??currencyId=1&filterOrderBy=0&locationId=0&typeId=LandAgro,homes.bg,2176,2025-01-13,19844,,,,
"Земеделска земя, 400m²","Категория 5, Нива",50000.0,EUR,False, продажба,,Пловдив,с.Златитрап,,,,https://homes.bg/offer/zemya-za-prodazhba/zemedelska-zemya-400m2-plovdiv-s.zlatitrap/la21512,0.0,2025-01-13 18:03:39.790987,https://www.homes.bg/api/offers??currencyId=1&filterOrderBy=0&locationId=0&typeId=LandAgro,homes.bg,2176,2025-01-13,21512,,,,
"Земеделска земя, 3040m²","Категория 4, Нива",21800.0,EUR,False, продажба,,Родопи,с.Бойково,,,,https://homes.bg/offer/zemya-za-prodazhba/zemedelska-zemya-3040m2-rodopi-s.bojkovo/la21175,5.0,2025-01-13 18:03:39.791001,https://www.homes.bg/api/offers??currencyId=1&filterOrderBy=0&locationId=0&typeId=LandAgro,homes.bg,2176,2025-01-13,21175,,,,
"Земеделска земя, 3400m²","Категория 4, Нива",136000.0,EUR,False, продажба,,Родопи,с.Белащица,,,,https://homes.bg/offer/zemya-za-prodazhba/zemedelska-zemya-3400m2-rodopi-s.belashtica/la23134,3.0,2025-01-13 18:03:39.791015,https://www.homes.bg/api/offers??currencyId=1&filterOrderBy=0&locationId=0&typeId=LandAgro,homes.bg,2176,2025-01-13,23134,,,,
"Земеделска земя, 54000m²","Категория 4, Нива",300000.0,EUR,False, продажба,,Пловдив,с.Болярино,,,,https://homes.bg/offer/zemya-za-prodazhba/zemedelska-zemya-54000m2-plovdiv-s.bolyarino/la20153,0.0,2025-01-13 18:03:39.791027,https://www.homes.bg/api/offers??currencyId=1&filterOrderBy=0&locationId=0&typeId=LandAgro,homes.bg,2176,2025-01-13,20153,,,,
"Земеделска земя, 3000m²","Категория 4, Овощна градина",61400.0,ЛЕВА,False, продажба,,Пловдив,с.Златитрап,,,,https://homes.bg/offer/zemya-za-prodazhba/zemedelska-zemya-3000m2-plovdiv-s.zlatitrap/la21373,2.0,2025-01-13 18:03:39.791041,https://www.homes.bg/api/offers??currencyId=1&filterOrderBy=0&locationId=0&typeId=LandAgro,homes.bg,2176,2025-01-13,21373,,,,
"Земеделска земя, 5100m²",Нива,8500.0,EUR,False, продажба,,Пловдив,с.Крушево,,,,https://homes.bg/offer/zemya-za-prodazhba/zemedelska-zemya-5100m2-plovdiv-s.krushevo/la21532,1.0,2025-01-13 18:03:39.791055,https://www.homes.bg/api/offers??currencyId=1&filterOrderBy=0&locationId=0&typeId=LandAgro,homes.bg,2176,2025-01-13,21532,,,,
"Земеделска земя, 9000m²","Категория 5, Овощна градина",80000.0,EUR,False, продажба,,Раковски,гр.Раковски,,,,https://homes.bg/offer/zemya-za-prodazhba/zemedelska-zemya-9000m2-rakovski-gr.rakovski/la20546,4.0,2025-01-13 18:03:39.791068,https://www.homes.bg/api/offers??currencyId=1&filterOrderBy=0&locationId=0&typeId=LandAgro,homes.bg,2176,2025-01-13,20546,,,,
"Земеделска земя, 5500m²","Категория 4, Нива",13500.0,EUR,False, продажба,,Марица,с.Крислово,,,,https://homes.bg/offer/zemya-za-prodazhba/zemedelska-zemya-5500m2-marica-s.krislovo/la28027,3.0,2025-01-13 18:03:39.791081,https://www.homes.bg/api/offers??currencyId=1&filterOrderBy=0&locationId=0&typeId=LandAgro,homes.bg,2176,2025-01-13,28027,,,,
"Земеделска земя, 10000m²","Категория 4, Нива",51500.0,EUR,False, продажба,,Марица,с.Бенковски,,,,https://homes.bg/offer/zemya-za-prodazhba/zemedelska-zemya-10000m2-marica-s.benkovski/la21876,0.0,2025-01-13 18:03:39.791094,https://www.homes.bg/api/offers??currencyId=1&filterOrderBy=0&locationId=0&typeId=LandAgro,homes.bg,2176,2025-01-13,21876,,,,
"Земеделска земя, 26000m²","Категория 7, Нива",24000.0,ЛЕВА,False, продажба,,Асеновград,с.Козаново,,,,https://homes.bg/offer/zemya-za-prodazhba/zemedelska-zemya-26000m2-asenovgrad-s.kozanovo/la33879,3.0,2025-01-13 18:03:39.791108,https://www.homes.bg/api/offers??currencyId=1&filterOrderBy=0&locationId=0&typeId=LandAgro,homes.bg,2176,2025-01-13,33879,,,,
"Земеделска земя, 10000m²","Категория 6, Нива",78000.0,ЛЕВА,False, продажба,,Марица,с.Граф-Игнатиево,,,,https://homes.bg/offer/zemya-za-prodazhba/zemedelska-zemya-10000m2-marica-s.graf-ignatievo/la25139,4.0,2025-01-13 18:03:39.791122,https://www.homes.bg/api/offers??currencyId=1&filterOrderBy=0&locationId=0&typeId=LandAgro,homes.bg,2176,2025-01-13,25139,,,,
"Земеделска земя, 19200m²","Категория 5, Нива",160000.0,EUR,False, продажба,,Родопи,с.Оризари,,,,https://homes.bg/offer/zemya-za-prodazhba/zemedelska-zemya-19200m2-rodopi-s.orizari/la22727,3.0,2025-01-13 18:03:39.791135,https://www.homes.bg/api/offers??currencyId=1&filterOrderBy=0&locationId=0&typeId=LandAgro,homes.bg,2176,2025-01-13,22727,,,,
"Земеделска земя, 4500m²","Категория 4, Овощна градина",63000.0,ЛЕВА,False, продажба,,Родопи,с.Цалапица,,,,https://homes.bg/offer/zemya-za-prodazhba/zemedelska-zemya-4500m2-rodopi-s.calapica/la34411,3.0,2025-01-13 18:03:39.791149,https://www.homes.bg/api/offers??currencyId=1&filterOrderBy=0&locationId=0&typeId=LandAgro,homes.bg,2176,2025-01-13,34411,,,,
"Земеделска земя, 21000m²","Категория 5, Нива",42000.0,ЛЕВА,False, продажба,,Брезово,с.Пъдарско,,,,https://homes.bg/offer/zemya-za-prodazhba/zemedelska-zemya-21000m2-brezovo-s.pydarsko/la34412,2.0,2025-01-13 18:03:39.791162,https://www.homes.bg/api/offers??currencyId=1&filterOrderBy=0&locationId=0&typeId=LandAgro,homes.bg,2176,2025-01-13,34412,,,,
"Земеделска земя, 3400m²","Категория 4, Овощна градина",43000.0,EUR,False, продажба,,Стамболийски,гр.Стамболийски,,,,https://homes.bg/offer/zemya-za-prodazhba/zemedelska-zemya-3400m2-stambolijski-gr.stambolijski/la34413,3.0,2025-01-13 18:03:39.791175,https://www.homes.bg/api/offers??currencyId=1&filterOrderBy=0&locationId=0&typeId=LandAgro,homes.bg,2176,2025-01-13,34413,,,,
"Земеделска земя, 2100m²","Категория 8, Нива",7200.0,EUR,False, продажба,,Стамболийски,гр.Стамболийски,,,,https://homes.bg/offer/zemya-za-prodazhba/zemedelska-zemya-2100m2-stambolijski-gr.stambolijski/la33841,4.0,2025-01-13 18:03:39.791189,https://www.homes.bg/api/offers??currencyId=1&filterOrderBy=0&locationId=0&typeId=LandAgro,homes.bg,2176,2025-01-13,33841,,,,
"Земеделска земя, 13600m²","Категория 8, Нива",43000.0,EUR,False, продажба,,Стамболийски,гр.Стамболийски,,,,https://homes.bg/offer/zemya-za-prodazhba/zemedelska-zemya-13600m2-stambolijski-gr.stambolijski/la33840,2.0,2025-01-13 18:03:39.791203,https://www.homes.bg/api/offers??currencyId=1&filterOrderBy=0&locationId=0&typeId=LandAgro,homes.bg,2176,2025-01-13,33840,,,,
"Земеделска земя, 5000m²","Категория 4, Овощна градина",19500.0,ЛЕВА,False, продажба,,Стамболийски,гр.Стамболийски,,,,https://homes.bg/offer/zemya-za-prodazhba/zemedelska-zemya-5000m2-stambolijski-gr.stambolijski/la34104,4.0,2025-01-13 18:03:39.791219,https://www.homes.bg/api/offers??currencyId=1&filterOrderBy=0&locationId=0&typeId=LandAgro,homes.bg,2176,2025-01-13,34104,,,,
"Земеделска земя, 3400m²",Овощна градина,41300.0,EUR,False, продажба,,Стамболийски,гр.Стамболийски,,,,https://homes.bg/offer/zemya-za-prodazhba/zemedelska-zemya-3400m2-stambolijski-gr.stambolijski/la33805,3.0,2025-01-13 18:03:39.791234,https://www.homes.bg/api/offers??currencyId=1&filterOrderBy=0&locationId=0&typeId=LandAgro,homes.bg,2176,2025-01-13,33805,,,,
"Земеделска земя, 1800m²","Категория 3, Овощна градина",41000.0,ЛЕВА,False, продажба,,Стамболийски,гр.Стамболийски,,,,https://homes.bg/offer/zemya-za-prodazhba/zemedelska-zemya-1800m2-stambolijski-gr.stambolijski/la21526,0.0,2025-01-13 18:03:39.791247,https://www.homes.bg/api/offers??currencyId=1&filterOrderBy=0&locationId=0&typeId=LandAgro,homes.bg,2176,2025-01-13,21526,,,,
"Земеделска земя, 4900m²","Категория 8, Нива",14000.0,ЛЕВА,False, продажба,,Стамболийски,гр.Стамболийски,,,,https://homes.bg/offer/zemya-za-prodazhba/zemedelska-zemya-4900m2-stambolijski-gr.stambolijski/la25167,1.0,2025-01-13 18:03:39.791261,https://www.homes.bg/api/offers??currencyId=1&filterOrderBy=0&locationId=0&typeId=LandAgro,homes.bg,2176,2025-01-13,25167,,,,
"Земеделска земя, 1530m²","Категория 4, Нива",17000.0,ЛЕВА,False, продажба,,Стамболийски,гр.Стамболийски,,,,https://homes.bg/offer/zemya-za-prodazhba/zemedelska-zemya-1530m2-stambolijski-gr.stambolijski/la34426,0.0,2025-01-13 18:03:39.791274,https://www.homes.bg/api/offers??currencyId=1&filterOrderBy=0&locationId=0&typeId=LandAgro,homes.bg,2176,2025-01-13,34426,,,,
"Земеделска земя, 4861m²",Друго,142000.0,EUR,False, продажба,,Бургас,гр.Царево,,,,https://homes.bg/offer/zemya-za-prodazhba/zemedelska-zemya-4861m2-burgas-gr.carevo/la34585,3.0,2025-01-13 18:03:39.791288,https://www.homes.bg/api/offers??currencyId=1&filterOrderBy=0&locationId=0&typeId=LandAgro,homes.bg,2176,2025-01-13,34585,,,,
"Земеделска земя, 6000m²",Друго,0.0,EUR,False, продажба,,Бургас,гр.Царево,,,,https://homes.bg/offer/zemya-za-prodazhba/zemedelska-zemya-6000m2-burgas-gr.carevo/la34587,1.0,2025-01-13 18:03:39.791302,https://www.homes.bg/api/offers??currencyId=1&filterOrderBy=0&locationId=0&typeId=LandAgro,homes.bg,2176,2025-01-13,34587,,,,
"Земеделска земя, 1865m²","Категория 3, Нива",11200.0,EUR,False, продажба,,Бургас, Сарафово,,,,https://homes.bg/offer/zemya-za-prodazhba/zemedelska-zemya-1865m2-burgas-sarafovo/la34579,0.0,2025-01-13 18:03:39.791315,https://www.homes.bg/api/offers??currencyId=1&filterOrderBy=0&locationId=0&typeId=LandAgro,homes.bg,2176,2025-01-13,34579,,,,
"Земеделска земя, 1000m²",,31500.0,ЛЕВА,False, продажба,,Благоевград,с.Бучино,,,,https://homes.bg/offer/zemya-za-prodazhba/zemedelska-zemya-1000m2-blagoevgrad-s.buchino/la24202,6.0,2025-01-13 18:03:39.791330,https://www.homes.bg/api/offers??currencyId=1&filterOrderBy=0&locationId=0&typeId=LandAgro,homes.bg,2176,2025-01-13,24202,,,,
"Земеделска земя, 300m²","Категория 9, Лозе",9500.0,EUR,False, продажба,,Благоевград,с.Дъбрава,,,,https://homes.bg/offer/zemya-za-prodazhba/zemedelska-zemya-300m2-blagoevgrad-s.dybrava/la25245,9.0,2025-01-13 18:03:39.791346,https://www.homes.bg/api/offers??currencyId=1&filterOrderBy=0&locationId=0&typeId=LandAgro,homes.bg,2176,2025-01-13,25245,,,,
"Земеделска земя, 1201m²",Друго,44500.0,EUR,False, продажба,,София -,с.Кубратово,,,,https://homes.bg/offer/zemya-za-prodazhba/zemedelska-zemya-1201m2-sofiya---grad-s.kubratovo/la34440,5.0,2025-01-13 18:03:39.791361,https://www.homes.bg/api/offers??currencyId=1&filterOrderBy=0&locationId=0&typeId=LandAgro,homes.bg,2176,2025-01-13,34440,,,,
"Земеделска земя, 3711m²",,371100.0,EUR,False, продажба,,Пловдив,кв. Остромила,,,,https://homes.bg/offer/zemya-za-prodazhba/zemedelska-zemya-3711m2-plovdiv-kv.-ostromila/la34578,1.0,2025-01-13 18:03:39.791375,https://www.homes.bg/api/offers??currencyId=1&filterOrderBy=0&locationId=0&typeId=LandAgro,homes.bg,2176,2025-01-13,34578,,,,
"Земеделска земя, 2088m²",,208800.0,EUR,False, продажба,,Пловдив,кв. Остромила,,,,https://homes.bg/offer/zemya-za-prodazhba/zemedelska-zemya-2088m2-plovdiv-kv.-ostromila/la24622,1.0,2025-01-13 18:03:39.791388,https://www.homes.bg/api/offers??currencyId=1&filterOrderBy=0&locationId=0&typeId=LandAgro,homes.bg,2176,2025-01-13,24622,,,,
"Земеделска земя, 5400m²",Нива,270000.0,EUR,False, продажба,,Пловдив,жк Южен,,,,https://homes.bg/offer/zemya-za-prodazhba/zemedelska-zemya-5400m2-plovdiv-zhk-juzhen/la34546,2.0,2025-01-13 18:03:39.791402,https://www.homes.bg/api/offers??currencyId=1&filterOrderBy=0&locationId=0&typeId=LandAgro,homes.bg,2176,2025-01-13,34546,,,,
"Земеделска земя, 2088m²","Категория 8, Ливада",41760.0,EUR,False, продажба,,Батак,гр.Батак,,,,https://homes.bg/offer/zemya-za-prodazhba/zemedelska-zemya-2088m2-batak-gr.batak/la22830,1.0,2025-01-13 18:03:39.791415,https://www.homes.bg/api/offers??currencyId=1&filterOrderBy=0&locationId=0&typeId=LandAgro,homes.bg,2176,2025-01-13,22830,,,,
"Земеделска земя, 2000m²","Категория 9, Нива",20000.0,EUR,False, продажба,,Батак,гр.Батак,,,,https://homes.bg/offer/zemya-za-prodazhba/zemedelska-zemya-2000m2-batak-gr.batak/la22831,1.0,2025-01-13 18:03:39.791429,https://www.homes.bg/api/offers??currencyId=1&filterOrderBy=0&locationId=0&typeId=LandAgro,homes.bg,2176,2025-01-13,22831,,,,
"Земеделска земя, 4000m²","Категория 7, Ливада",80000.0,EUR,False, продажба,,Батак,гр.Батак,,,,https://homes.bg/offer/zemya-za-prodazhba/zemedelska-zemya-4000m2-batak-gr.batak/la22829,1.0,2025-01-13 18:03:39.791439,https://www.homes.bg/api/offers??currencyId=1&filterOrderBy=0&locationId=0&typeId=LandAgro,homes.bg,2176,2025-01-13,22829,,,,
"Земеделска земя, 1001m²","Категория 8, Ливада",15000.0,ЛЕВА,False, продажба,,Батак,гр.Батак,,,,https://homes.bg/offer/zemya-za-prodazhba/zemedelska-zemya-1001m2-batak-gr.batak/la22833,1.0,2025-01-13 18:03:39.791449,https://www.homes.bg/api/offers??currencyId=1&filterOrderBy=0&locationId=0&typeId=LandAgro,homes.bg,2176,2025-01-13,22833,,,,
"Земеделска земя, 383m²","Категория 10, Ливада",11490.0,EUR,False, продажба,,Батак,гр.Батак,,,,https://homes.bg/offer/zemya-za-prodazhba/zemedelska-zemya-383m2-batak-gr.batak/la22832,1.0,2025-01-13 18:03:39.791459,https://www.homes.bg/api/offers??currencyId=1&filterOrderBy=0&locationId=0&typeId=LandAgro,homes.bg,2176,2025-01-13,22832,,,,
"Земеделска земя, 3959m²","Категория 8, Ливада",39590.0,EUR,False, продажба,,Батак,яз.Батак,,,,https://homes.bg/offer/zemya-za-prodazhba/zemedelska-zemya-3959m2-batak-yaz.batak/la34262,7.0,2025-01-13 18:03:39.791470,https://www.homes.bg/api/offers??currencyId=1&filterOrderBy=0&locationId=0&typeId=LandAgro,homes.bg,2176,2025-01-13,34262,,,,
"Земеделска земя, 2819m²","Категория 9, Ливада",14095.0,EUR,False, продажба,,Батак,яз.Батак,,,,https://homes.bg/offer/zemya-za-prodazhba/zemedelska-zemya-2819m2-batak-yaz.batak/la34263,2.0,2025-01-13 18:03:39.791479,https://www.homes.bg/api/offers??currencyId=1&filterOrderBy=0&locationId=0&typeId=LandAgro,homes.bg,2176,2025-01-13,34263,,,,
"Земеделска земя, 1729m²","Категория 10, Ливада",8645.0,EUR,False, продажба,,Батак,яз.Батак,,,,https://homes.bg/offer/zemya-za-prodazhba/zemedelska-zemya-1729m2-batak-yaz.batak/la34264,2.0,2025-01-13 18:03:39.791489,https://www.homes.bg/api/offers??currencyId=1&filterOrderBy=0&locationId=0&typeId=LandAgro,homes.bg,2176,2025-01-13,34264,,,,
"Земеделска земя, 5210m²","Категория 9, Ливада",26050.0,EUR,False, продажба,,Батак,яз.Батак,,,,https://homes.bg/offer/zemya-za-prodazhba/zemedelska-zemya-5210m2-batak-yaz.batak/la34265,2.0,2025-01-13 18:03:39.791500,https://www.homes.bg/api/offers??currencyId=1&filterOrderBy=0&locationId=0&typeId=LandAgro,homes.bg,2176,2025-01-13,34265,,,,
"Земеделска земя, 783m²","Категория 10, Ливада",3915.0,EUR,False, продажба,,Батак,яз.Батак,,,,https://homes.bg/offer/zemya-za-prodazhba/zemedelska-zemya-783m2-batak-yaz.batak/la34266,2.0,2025-01-13 18:03:39.791510,https://www.homes.bg/api/offers??currencyId=1&filterOrderBy=0&locationId=0&typeId=LandAgro,homes.bg,2176,2025-01-13,34266,,,,
"Земеделска земя, 1581m²","Категория 9, Ливада",1581.0,ЛЕВА,False, продажба,,Батак,гр.Батак,,,,https://homes.bg/offer/zemya-za-prodazhba/zemedelska-zemya-1581m2-batak-gr.batak/la34267,2.0,2025-01-13 18:03:39.791520,https://www.homes.bg/api/offers??currencyId=1&filterOrderBy=0&locationId=0&typeId=LandAgro,homes.bg,2176,2025-01-13,34267,,,,
"Земеделска земя, 3093m²","Категория 7, Ливада",61860.0,EUR,False, продажба,,Батак,к.Цигов Чарк,,,,https://homes.bg/offer/zemya-za-prodazhba/zemedelska-zemya-3093m2-batak-k.cigov-chark/la33996,2.0,2025-01-13 18:03:39.791531,https://www.homes.bg/api/offers??currencyId=1&filterOrderBy=0&locationId=0&typeId=LandAgro,homes.bg,2176,2025-01-13,33996,,,,
"Земеделска земя, 939m²","Категория 6, Нива",10000.0,ЛЕВА,False, продажба,,Септември,с.Виноградец,,,,https://homes.bg/offer/zemya-za-prodazhba/zemedelska-zemya-939m2-septemvri-s.vinogradec/la24179,1.0,2025-01-13 18:03:39.791540,https://www.homes.bg/api/offers??currencyId=1&filterOrderBy=0&locationId=0&typeId=LandAgro,homes.bg,2176,2025-01-13,24179,,,,
"Земеделска земя, 4820m²","Категория 5, Нива",120500.0,EUR,False, продажба,,Пазарджик,с.Гелеменово,,,,https://homes.bg/offer/zemya-za-prodazhba/zemedelska-zemya-4820m2-pazardzhik-s.gelemenovo/la18354,9.0,2025-01-13 18:03:39.791552,https://www.homes.bg/api/offers??currencyId=1&filterOrderBy=0&locationId=0&typeId=LandAgro,homes.bg,2176,2025-01-13,18354,,,,
"Земеделска земя, 523000m²",,1050000.0,EUR,False, продажба,,Пловдив,гр.Кричим,,,,https://homes.bg/offer/zemya-za-prodazhba/zemedelska-zemya-523000m2-plovdiv-gr.krichim/la23388,2.0,2025-01-13 18:03:39.791563,https://www.homes.bg/api/offers??currencyId=1&filterOrderBy=0&locationId=0&typeId=LandAgro,homes.bg,2176,2025-01-13,23388,,,,
"Земеделска земя, 2905m²",,43600.0,ЛЕВА,False, продажба,,Благоевград,с.Логодаж,,,,https://homes.bg/offer/zemya-za-prodazhba/zemedelska-zemya-2905m2-blagoevgrad-s.logodazh/la23017,5.0,2025-01-13 18:03:39.791573,https://www.homes.bg/api/offers??currencyId=1&filterOrderBy=0&locationId=0&typeId=LandAgro,homes.bg,2176,2025-01-13,23017,,,,
"Земеделска земя, 1500m²","Категория 9, Нива",32000.0,ЛЕВА,False, продажба,,Асеновград,гр.Асеновград,,,,https://homes.bg/offer/zemya-za-prodazhba/zemedelska-zemya-1500m2-asenovgrad-gr.asenovgrad/la34510,2.0,2025-01-13 18:03:39.791583,https://www.homes.bg/api/offers??currencyId=1&filterOrderBy=0&locationId=0&typeId=LandAgro,homes.bg,2176,2025-01-13,34510,,,,
"Земеделска земя, 8309m²",,35000.0,EUR,False, продажба,,Варна,с.Тополи,,,,https://homes.bg/offer/zemya-za-prodazhba/zemedelska-zemya-8309m2-varna-s.topoli/la33582,1.0,2025-01-13 18:03:39.791594,https://www.homes.bg/api/offers??currencyId=1&filterOrderBy=0&locationId=0&typeId=LandAgro,homes.bg,2176,2025-01-13,33582,,,,
"Земеделска земя, 3900m²",,222300.0,EUR,False, продажба,,Пловдив,с.Браниполе,,,,https://homes.bg/offer/zemya-za-prodazhba/zemedelska-zemya-3900m2-plovdiv-s.branipole/la24147,1.0,2025-01-13 18:03:39.791604,https://www.homes.bg/api/offers??currencyId=1&filterOrderBy=0&locationId=0&typeId=LandAgro,homes.bg,2176,2025-01-13,24147,,,,
"Земеделска земя, 8996m²",,40000.0,EUR,False, продажба,,Варна,с.Близнаци,,,,https://homes.bg/offer/zemya-za-prodazhba/zemedelska-zemya-8996m2-varna-s.bliznaci/la34004,1.0,2025-01-13 18:03:39.791613,https://www.homes.bg/api/offers??currencyId=1&filterOrderBy=0&locationId=0&typeId=LandAgro,homes.bg,2176,2025-01-13,34004,,,,
"Земеделска земя, 12700m²",,40000.0,EUR,False, продажба,,Варна,с.Близнаци,,,,https://homes.bg/offer/zemya-za-prodazhba/zemedelska-zemya-12700m2-varna-s.bliznaci/la34001,1.0,2025-01-13 18:03:39.791623,https://www.homes.bg/api/offers??currencyId=1&filterOrderBy=0&locationId=0&typeId=LandAgro,homes.bg,2176,2025-01-13,34001,,,,
"Земеделска земя, 6443m²",,15000.0,EUR,False, продажба,,Варна,с.Близнаци,,,,https://homes.bg/offer/zemya-za-prodazhba/zemedelska-zemya-6443m2-varna-s.bliznaci/la34002,1.0,2025-01-13 18:03:39.791633,https://www.homes.bg/api/offers??currencyId=1&filterOrderBy=0&locationId=0&typeId=LandAgro,homes.bg,2176,2025-01-13,34002,,,,
"Земеделска земя, 7897m²","Категория 5, Нива",57300.0,EUR,False, продажба,,Варна,кв. Аспарухово,,,,https://homes.bg/offer/zemya-za-prodazhba/zemedelska-zemya-7897m2-varna-kv.-asparuhovo/la34005,1.0,2025-01-13 18:03:39.791647,https://www.homes.bg/api/offers??currencyId=1&filterOrderBy=0&locationId=0&typeId=LandAgro,homes.bg,2176,2025-01-13,34005,,,,
"Земеделска земя, 3700m²","Категория 5, Нива",27100.0,EUR,False, продажба,,Варна,кв. Аспарухово,,,,https://homes.bg/offer/zemya-za-prodazhba/zemedelska-zemya-3700m2-varna-kv.-asparuhovo/la34006,1.0,2025-01-13 18:03:39.791660,https://www.homes.bg/api/offers??currencyId=1&filterOrderBy=0&locationId=0&typeId=LandAgro,homes.bg,2176,2025-01-13,34006,,,,
"Земеделска земя, 2700m²",Нива,22000.0,EUR,False, продажба,,Пловдив,с.Брестник,,,,https://homes.bg/offer/zemya-za-prodazhba/zemedelska-zemya-2700m2-plovdiv-s.brestnik/la34543,2.0,2025-01-13 18:03:42.666045,https://www.homes.bg/api/offers??currencyId=1&filterOrderBy=0&locationId=0&typeId=LandAgro,homes.bg,2176,2025-01-13,34543,,,,
"Земеделска земя, 3150m²",Нива,24000.0,EUR,False, продажба,,Пловдив,с.Брестник,,,,https://homes.bg/offer/zemya-za-prodazhba/zemedelska-zemya-3150m2-plovdiv-s.brestnik/la34544,2.0,2025-01-13 18:03:42.666124,https://www.homes.bg/api/offers??currencyId=1&filterOrderBy=0&locationId=0&typeId=LandAgro,homes.bg,2176,2025-01-13,34544,,,,
"Земеделска земя, 3700m²",Нива,26000.0,EUR,False, продажба,,Пловдив,с.Брестник,,,,https://homes.bg/offer/zemya-za-prodazhba/zemedelska-zemya-3700m2-plovdiv-s.brestnik/la34545,3.0,2025-01-13 18:03:42.666146,https://www.homes.bg/api/offers??currencyId=1&filterOrderBy=0&locationId=0&typeId=LandAgro,homes.bg,2176,2025-01-13,34545,,,,
"Земеделска земя, 4998m²",Нива,174930.0,EUR,False, продажба,,Пловдив,с.Войводиново,,,,https://homes.bg/offer/zemya-za-prodazhba/zemedelska-zemya-4998m2-plovdiv-s.vojvodinovo/la34497,1.0,2025-01-13 18:03:42.666162,https://www.homes.bg/api/offers??currencyId=1&filterOrderBy=0&locationId=0&typeId=LandAgro,homes.bg,2176,2025-01-13,34497,,,,
"Земеделска земя, 1881m²","Категория 8, Нива",37620.0,EUR,False, продажба,,Батак,гр.Батак,,,,https://homes.bg/offer/zemya-za-prodazhba/zemedelska-zemya-1881m2-batak-gr.batak/la34554,8.0,2025-01-13 18:03:42.666183,https://www.homes.bg/api/offers??currencyId=1&filterOrderBy=0&locationId=0&typeId=LandAgro,homes.bg,2176,2025-01-13,34554,,,,
"Земеделска земя, 5744m²","Категория 10, Пасище",40200.0,EUR,False, продажба,,Бургас, Северна Промишлена Зона,,,,https://homes.bg/offer/zemya-za-prodazhba/zemedelska-zemya-5744m2-burgas-severna-promishlena-zona/la34553,0.0,2025-01-13 18:03:42.666198,https://www.homes.bg/api/offers??currencyId=1&filterOrderBy=0&locationId=0&typeId=LandAgro,homes.bg,2176,2025-01-13,34553,,,,
"Земеделска земя, 4569m²",Друго,182760.0,EUR,False, продажба,,София -,с.Локорско,,,,https://homes.bg/offer/zemya-za-prodazhba/zemedelska-zemya-4569m2-sofiya---grad-s.lokorsko/la34418,4.0,2025-01-13 18:03:42.666214,https://www.homes.bg/api/offers??currencyId=1&filterOrderBy=0&locationId=0&typeId=LandAgro,homes.bg,2176,2025-01-13,34418,,,,
"Земеделска земя, 10513m²",Нива,325000.0,ЛЕВА,False, продажба,,Пловдив,с.Брестник,,,,https://homes.bg/offer/zemya-za-prodazhba/zemedelska-zemya-10513m2-plovdiv-s.brestnik/la34467,2.0,2025-01-13 18:03:42.666229,https://www.homes.bg/api/offers??currencyId=1&filterOrderBy=0&locationId=0&typeId=LandAgro,homes.bg,2176,2025-01-13,34467,,,,
"Земеделска земя, 2940m²",Нива,69000.0,ЛЕВА,False, продажба,,Пловдив,с.Брестник,,,,https://homes.bg/offer/zemya-za-prodazhba/zemedelska-zemya-2940m2-plovdiv-s.brestnik/la33992,1.0,2025-01-13 18:03:42.666269,https://www.homes.bg/api/offers??currencyId=1&filterOrderBy=0&locationId=0&typeId=LandAgro,homes.bg,2176,2025-01-13,33992,,,,
"Земеделска земя, 1580m²",Друго,49000.0,EUR,False, продажба,,София -,с.Чепинци,,,,https://homes.bg/offer/zemya-za-prodazhba/zemedelska-zemya-1580m2-sofiya---grad-s.chepinci/la24088,2.0,2025-01-13 18:03:42.666285,https://www.homes.bg/api/offers??currencyId=1&filterOrderBy=0&locationId=0&typeId=LandAgro,homes.bg,2176,2025-01-13,24088,,,,
"Земеделска земя, 3719m²",Друго,55000.0,EUR,False, продажба,,София -,с.Чепинци,,,,https://homes.bg/offer/zemya-za-prodazhba/zemedelska-zemya-3719m2-sofiya---grad-s.chepinci/la24087,2.0,2025-01-13 18:03:42.666300,https://www.homes.bg/api/offers??currencyId=1&filterOrderBy=0&locationId=0&typeId=LandAgro,homes.bg,2176,2025-01-13,24087,,,,
"Земеделска земя, 4024m²",Друго,60000.0,EUR,False, продажба,,София -,с.Чепинци,,,,https://homes.bg/offer/zemya-za-prodazhba/zemedelska-zemya-4024m2-sofiya---grad-s.chepinci/la24089,4.0,2025-01-13 18:03:42.666317,https://www.homes.bg/api/offers??currencyId=1&filterOrderBy=0&locationId=0&typeId=LandAgro,homes.bg,2176,2025-01-13,24089,,,,
"Земеделска земя, 2999m²",Друго,24000.0,EUR,False, продажба,,Софийска,с.Горна Малина,,,,https://homes.bg/offer/zemya-za-prodazhba/zemedelska-zemya-2999m2-sofijska-s.gorna-malina/la24822,2.0,2025-01-13 18:03:42.666331,https://www.homes.bg/api/offers??currencyId=1&filterOrderBy=0&locationId=0&typeId=LandAgro,homes.bg,2176,2025-01-13,24822,,,,
"Земеделска земя, 3499m²",Друго,28000.0,EUR,False, продажба,,Софийска,с.Горна Малина,,,,https://homes.bg/offer/zemya-za-prodazhba/zemedelska-zemya-3499m2-sofijska-s.gorna-malina/la24825,2.0,2025-01-13 18:03:42.666345,https://www.homes.bg/api/offers??currencyId=1&filterOrderBy=0&locationId=0&typeId=LandAgro,homes.bg,2176,2025-01-13,24825,,,,
"Земеделска земя, 2500m²",Друго,50000.0,EUR,False, продажба,,Софийска,с.Горна Малина,,,,https://homes.bg/offer/zemya-za-prodazhba/zemedelska-zemya-2500m2-sofijska-s.gorna-malina/la32581,4.0,2025-01-13 18:03:42.666361,https://www.homes.bg/api/offers??currencyId=1&filterOrderBy=0&locationId=0&typeId=LandAgro,homes.bg,2176,2025-01-13,32581,,,,
"Земеделска земя, 1000m²",Друго,7000.0,EUR,False, продажба,,Софийска,с.Горна Малина,,,,https://homes.bg/offer/zemya-za-prodazhba/zemedelska-zemya-1000m2-sofijska-s.gorna-malina/la24452,10.0,2025-01-13 18:03:42.666380,https://www.homes.bg/api/offers??currencyId=1&filterOrderBy=0&locationId=0&typeId=LandAgro,homes.bg,2176,2025-01-13,24452,,,,
"Земеделска земя, 2000m²",Друго,28500.0,EUR,False, продажба,,Пловдив,с.Брестовица,,,,https://homes.bg/offer/zemya-za-prodazhba/zemedelska-zemya-2000m2-plovdiv-s.brestovica/la34366,2.0,2025-01-13 18:03:42.666394,https://www.homes.bg/api/offers??currencyId=1&filterOrderBy=0&locationId=0&typeId=LandAgro,homes.bg,2176,2025-01-13,34366,,,,
"Земеделска земя, 1000m²",Друго,21000.0,EUR,False, продажба,,Пловдив,с.Брестовица,,,,https://homes.bg/offer/zemya-za-prodazhba/zemedelska-zemya-1000m2-plovdiv-s.brestovica/la34367,3.0,2025-01-13 18:03:42.666409,https://www.homes.bg/api/offers??currencyId=1&filterOrderBy=0&locationId=0&typeId=LandAgro,homes.bg,2176,2025-01-13,34367,,,,
"Земеделска земя, 82000m²",Друго,574000.0,EUR,False, продажба,,Долни Чифлик,гр.Долни Чифлик,,,,https://homes.bg/offer/zemya-za-prodazhba/zemedelska-zemya-82000m2-dolni-chiflik-gr.dolni-chiflik/la15504,0.0,2025-01-13 18:03:42.666422,https://www.homes.bg/api/offers??currencyId=1&filterOrderBy=0&locationId=0&typeId=LandAgro,homes.bg,2176,2025-01-13,15504,,,,
"Земеделска земя, 3068m²",Друго,79001.0,EUR,False, продажба,,Софийска,с.Мусачево,,,,https://homes.bg/offer/zemya-za-prodazhba/zemedelska-zemya-3068m2-sofijska-s.musachevo/la34519,5.0,2025-01-13 18:03:42.666438,https://www.homes.bg/api/offers??currencyId=1&filterOrderBy=0&locationId=0&typeId=LandAgro,homes.bg,2176,2025-01-13,34519,,,,
"Земеделска земя, 5126m²",,61500.0,ЛЕВА,False, продажба,,Благоевград,с.Полето,,,,https://homes.bg/offer/zemya-za-prodazhba/zemedelska-zemya-5126m2-blagoevgrad-s.poleto/la34484,1.0,2025-01-13 18:03:42.666452,https://www.homes.bg/api/offers??currencyId=1&filterOrderBy=0&locationId=0&typeId=LandAgro,homes.bg,2176,2025-01-13,34484,,,,
"Земеделска земя, 69149m²",,36000.0,EUR,False, продажба,,Стара Загора,с.Паничерево,,,,https://homes.bg/offer/zemya-za-prodazhba/zemedelska-zemya-69149m2-stara-zagora-s.panicherevo/la24543,1.0,2025-01-13 18:03:42.666465,https://www.homes.bg/api/offers??currencyId=1&filterOrderBy=0&locationId=0&typeId=LandAgro,homes.bg,2176,2025-01-13,24543,,,,
"Земеделска земя, 500000m²",Нива,15000.0,EUR,False, продажба,,Пловдив,с.Труд,,,,https://homes.bg/offer/zemya-za-prodazhba/zemedelska-zemya-500000m2-plovdiv-s.trud/la34536,2.0,2025-01-13 18:03:42.666479,https://www.homes.bg/api/offers??currencyId=1&filterOrderBy=0&locationId=0&typeId=LandAgro,homes.bg,2176,2025-01-13,34536,,,,
"Земеделска земя, 1821m²","Категория 4, Лозе",36000.0,EUR,False, продажба,,Пловдив,с.Марково,,,,https://homes.bg/offer/zemya-za-prodazhba/zemedelska-zemya-1821m2-plovdiv-s.markovo/la34534,1.0,2025-01-13 18:03:42.666492,https://www.homes.bg/api/offers??currencyId=1&filterOrderBy=0&locationId=0&typeId=LandAgro,homes.bg,2176,2025-01-13,34534,,,,
"Земеделска земя, 2000m²",,47500.0,EUR,False, продажба,,Велико Търново,с.Беляковец,,,,https://homes.bg/offer/zemya-za-prodazhba/zemedelska-zemya-2000m2-veliko-tyrnovo-s.belyakovec/la34541,1.0,2025-01-13 18:03:42.666505,https://www.homes.bg/api/offers??currencyId=1&filterOrderBy=0&locationId=0&typeId=LandAgro,homes.bg,2176,2025-01-13,34541,,,,
"Земеделска земя, 2700m²",Друго,140000.0,EUR,False, продажба,,Бургас,с.Варвара,,,,https://homes.bg/offer/zemya-za-prodazhba/zemedelska-zemya-2700m2-burgas-s.varvara/la24922,7.0,2025-01-13 18:03:42.666521,https://www.homes.bg/api/offers??currencyId=1&filterOrderBy=0&locationId=0&typeId=LandAgro,homes.bg,2176,2025-01-13,24922,,,,
"Земеделска земя, 7650m²",,37000.0,EUR,False, продажба,,Велико Търново,жк. Света Гора,,,,https://homes.bg/offer/zemya-za-prodazhba/zemedelska-zemya-7650m2-veliko-tyrnovo-zhk.-sveta-gora/la24544,0.0,2025-01-13 18:03:42.666534,https://www.homes.bg/api/offers??currencyId=1&filterOrderBy=0&locationId=0&typeId=LandAgro,homes.bg,2176,2025-01-13,24544,,,,
"Земеделска земя, 6261m²","Категория 4, Нива",93900.0,EUR,False, продажба,,Марица,с.Труд,,,,https://homes.bg/offer/zemya-za-prodazhba/zemedelska-zemya-6261m2-marica-s.trud/la34436,4.0,2025-01-13 18:03:42.666549,https://www.homes.bg/api/offers??currencyId=1&filterOrderBy=0&locationId=0&typeId=LandAgro,homes.bg,2176,2025-01-13,34436,,,,
"Земеделска земя, 8872m²","Категория 4, Нива",115400.0,EUR,False, продажба,,Марица,с.Труд,,,,https://homes.bg/offer/zemya-za-prodazhba/zemedelska-zemya-8872m2-marica-s.trud/la34437,4.0,2025-01-13 18:03:42.666564,https://www.homes.bg/api/offers??currencyId=1&filterOrderBy=0&locationId=0&typeId=LandAgro,homes.bg,2176,2025-01-13,34437,,,,
"Земеделска земя, 5070m²","Категория 4, Нива",101400.0,EUR,False, продажба,,Марица,с.Труд,,,,https://homes.bg/offer/zemya-za-prodazhba/zemedelska-zemya-5070m2-marica-s.trud/la34438,2.0,2025-01-13 18:03:42.666579,https://www.homes.bg/api/offers??currencyId=1&filterOrderBy=0&locationId=0&typeId=LandAgro,homes.bg,2176,2025-01-13,34438,,,,
"Земеделска земя, 3000m²","Категория 3, Нива",30000.0,ЛЕВА,False, продажба,,Пловдив,гр.Съединение,,,,https://homes.bg/offer/zemya-za-prodazhba/zemedelska-zemya-3000m2-plovdiv-gr.syedinenie/la20116,0.0,2025-01-13 18:03:42.666593,https://www.homes.bg/api/offers??currencyId=1&filterOrderBy=0&locationId=0&typeId=LandAgro,homes.bg,2176,2025-01-13,20116,,,,
"Земеделска земя, 5528m²","Категория 6, Нива",66400.0,EUR,False, продажба,,Костинброд,с.Безден,,,,https://homes.bg/offer/zemya-za-prodazhba/zemedelska-zemya-5528m2-kostinbrod-s.bezden/la34420,1.0,2025-01-13 18:03:42.666607,https://www.homes.bg/api/offers??currencyId=1&filterOrderBy=0&locationId=0&typeId=LandAgro,homes.bg,2176,2025-01-13,34420,,,,
"Земеделска земя, 1655m²","Категория 4, Ливада",20000.0,EUR,False, продажба,,Костинброд,с.Безден,,,,https://homes.bg/offer/zemya-za-prodazhba/zemedelska-zemya-1655m2-kostinbrod-s.bezden/la34419,1.0,2025-01-13 18:03:42.666621,https://www.homes.bg/api/offers??currencyId=1&filterOrderBy=0&locationId=0&typeId=LandAgro,homes.bg,2176,2025-01-13,34419,,,,
"Земеделска земя, 870m²","Категория 4, Нива",30000.0,EUR,False, продажба,,Родопи,с.Храбрино,,,,https://homes.bg/offer/zemya-za-prodazhba/zemedelska-zemya-870m2-rodopi-s.hrabrino/la24751,3.0,2025-01-13 18:03:42.666638,https://www.homes.bg/api/offers??currencyId=1&filterOrderBy=0&locationId=0&typeId=LandAgro,homes.bg,2176,2025-01-13,24751,,,,
"Земеделска земя, 2399m²",,53000.0,EUR,False, продажба,,Бургас,гр.Царево,,,,https://homes.bg/offer/zemya-za-prodazhba/zemedelska-zemya-2399m2-burgas-gr.carevo/la34373,2.0,2025-01-13 18:03:42.666653,https://www.homes.bg/api/offers??currencyId=1&filterOrderBy=0&locationId=0&typeId=LandAgro,homes.bg,2176,2025-01-13,34373,,,,
"Земеделска земя, 2393m²",,287160.0,EUR,False, продажба,,Бургас, Сарафово,,,,https://homes.bg/offer/zemya-za-prodazhba/zemedelska-zemya-2393m2-burgas-sarafovo/la34247,1.0,2025-01-13 18:03:42.666667,https://www.homes.bg/api/offers??currencyId=1&filterOrderBy=0&locationId=0&typeId=LandAgro,homes.bg,2176,2025-01-13,34247,,,,
"Земеделска земя, 2000m²","Категория 7, Нива",20000.0,ЛЕВА,False, продажба,,Благоевград,с.Дъбрава,,,,https://homes.bg/offer/zemya-za-prodazhba/zemedelska-zemya-2000m2-blagoevgrad-s.dybrava/la34533,3.0,2025-01-13 18:03:42.666681,https://www.homes.bg/api/offers??currencyId=1&filterOrderBy=0&locationId=0&typeId=LandAgro,homes.bg,2176,2025-01-13,34533,,,,
"Земеделска земя, 658m²","Категория 7, Нива",15000.0,ЛЕВА,False, продажба,,Благоевград,с.Дъбрава,,,,https://homes.bg/offer/zemya-za-prodazhba/zemedelska-zemya-658m2-blagoevgrad-s.dybrava/la20025,6.0,2025-01-13 18:03:42.666698,https://www.homes.bg/api/offers??currencyId=1&filterOrderBy=0&locationId=0&typeId=LandAgro,homes.bg,2176,2025-01-13,20025,,,,
"Земеделска земя, 2108m²","Категория 4, Ливада",64500.0,EUR,False, продажба,,Благоевград,жк. Струмско,,,,https://homes.bg/offer/zemya-za-prodazhba/zemedelska-zemya-2108m2-blagoevgrad-zhk.-strumsko/la24416,2.0,2025-01-13 18:03:42.666712,https://www.homes.bg/api/offers??currencyId=1&filterOrderBy=0&locationId=0&typeId=LandAgro,homes.bg,2176,2025-01-13,24416,,,,
"Земеделска земя, 800m²",,8000.0,ЛЕВА,False, продажба,,Ловеч,жк. Младост,,,,https://homes.bg/offer/zemya-za-prodazhba/zemedelska-zemya-800m2-lovech-zhk.-mladost/la34483,1.0,2025-01-13 18:03:42.666725,https://www.homes.bg/api/offers??currencyId=1&filterOrderBy=0&locationId=0&typeId=LandAgro,homes.bg,2176,2025-01-13,34483,,,,
"Земеделска земя, 12000m²",,43000.0,ЛЕВА,False, продажба,,Ямбол,с.Дражево,,,,https://homes.bg/offer/zemya-za-prodazhba/zemedelska-zemya-12000m2-yambol-s.drazhevo/la24818,1.0,2025-01-13 18:03:42.666739,https://www.homes.bg/api/offers??currencyId=1&filterOrderBy=0&locationId=0&typeId=LandAgro,homes.bg,2176,2025-01-13,24818,,,,
"Земеделска земя, 17699m²",,123893.0,ЛЕВА,False, продажба,,Враца, Източна Промишлена Зона,,,,https://homes.bg/offer/zemya-za-prodazhba/zemedelska-zemya-17699m2-vraca-iztochna-promishlena-zona/la20102,1.0,2025-01-13 18:03:42.666752,https://www.homes.bg/api/offers??currencyId=1&filterOrderBy=0&locationId=0&typeId=LandAgro,homes.bg,2176,2025-01-13,20102,,,,
"Земеделска земя, 8000m²","Категория 9, Нива",56000.0,ЛЕВА,False, продажба,,Враца, Източна Промишлена Зона,,,,https://homes.bg/offer/zemya-za-prodazhba/zemedelska-zemya-8000m2-vraca-iztochna-promishlena-zona/la20109,1.0,2025-01-13 18:03:42.666765,https://www.homes.bg/api/offers??currencyId=1&filterOrderBy=0&locationId=0&typeId=LandAgro,homes.bg,2176,2025-01-13,20109,,,,
"Земеделска земя, 3750m²","Категория 5, Ливада",40000.0,ЛЕВА,False, продажба,,Враца,кв. Студентски Град,,,,https://homes.bg/offer/zemya-za-prodazhba/zemedelska-zemya-3750m2-vraca-kv.-studentski-grad/la34221,1.0,2025-01-13 18:03:42.666778,https://www.homes.bg/api/offers??currencyId=1&filterOrderBy=0&locationId=0&typeId=LandAgro,homes.bg,2176,2025-01-13,34221,,,,
"Земеделска земя, 3601m²",,28808.0,ЛЕВА,False, продажба,,Враца, Източна Промишлена Зона,,,,https://homes.bg/offer/zemya-za-prodazhba/zemedelska-zemya-3601m2-vraca-iztochna-promishlena-zona/la20104,1.0,2025-01-13 18:03:42.666791,https://www.homes.bg/api/offers??currencyId=1&filterOrderBy=0&locationId=0&typeId=LandAgro,homes.bg,2176,2025-01-13,20104,,,,
"Земеделска земя, 3599m²","Категория 9, Нива",28792.0,ЛЕВА,False, продажба,,Враца, Източна Промишлена Зона,,,,https://homes.bg/offer/zemya-za-prodazhba/zemedelska-zemya-3599m2-vraca-iztochna-promishlena-zona/la20103,1.0,2025-01-13 18:03:42.666804,https://www.homes.bg/api/offers??currencyId=1&filterOrderBy=0&locationId=0&typeId=LandAgro,homes.bg,2176,2025-01-13,20103,,,,
"Земеделска земя, 3000m²",Нива,21000.0,ЛЕВА,False, продажба,,Враца, Източна Промишлена Зона,,,,https://homes.bg/offer/zemya-za-prodazhba/zemedelska-zemya-3000m2-vraca-iztochna-promishlena-zona/la20108,1.0,2025-01-13 18:03:42.666817,https://www.homes.bg/api/offers??currencyId=1&filterOrderBy=0&locationId=0&typeId=LandAgro,homes.bg,2176,2025-01-13,20108,,,,
"Земеделска земя, 3408m²",,22000.0,ЛЕВА,False, продажба,,Ямбол,с.Завой,,,,https://homes.bg/offer/zemya-za-prodazhba/zemedelska-zemya-3408m2-yambol-s.zavoj/la21664,1.0,2025-01-13 18:03:42.666830,https://www.homes.bg/api/offers??currencyId=1&filterOrderBy=0&locationId=0&typeId=LandAgro,homes.bg,2176,2025-01-13,21664,,,,
"Земеделска земя, 10128m²","Категория 4, Нива",35000.0,EUR,False, продажба,,Пловдив,с.Цалапица,,,,https://homes.bg/offer/zemya-za-prodazhba/zemedelska-zemya-10128m2-plovdiv-s.calapica/la34530,3.0,2025-01-13 18:03:42.666846,https://www.homes.bg/api/offers??currencyId=1&filterOrderBy=0&locationId=0&typeId=LandAgro,homes.bg,2176,2025-01-13,34530,,,,
"Земеделска земя, 4000m²","Категория 4, Нива",112000.0,EUR,False, продажба,,Пловдив,с.Първенец,,,,https://homes.bg/offer/zemya-za-prodazhba/zemedelska-zemya-4000m2-plovdiv-s.pyrvenec/la34164,1.0,2025-01-13 18:03:42.666863,https://www.homes.bg/api/offers??currencyId=1&filterOrderBy=0&locationId=0&typeId=LandAgro,homes.bg,2176,2025-01-13,34164,,,,
"Земеделска земя, 16500m²",Друго,22000.0,EUR,False, продажба,,Бургас,гр.Царево,,,,https://homes.bg/offer/zemya-za-prodazhba/zemedelska-zemya-16500m2-burgas-gr.carevo/la24144,3.0,2025-01-13 18:03:42.666878,https://www.homes.bg/api/offers??currencyId=1&filterOrderBy=0&locationId=0&typeId=LandAgro,homes.bg,2176,2025-01-13,24144,,,,
"Земеделска земя, 5500m²",Друго,5300.0,EUR,False, продажба,,Бургас,с.Българи,,,,https://homes.bg/offer/zemya-za-prodazhba/zemedelska-zemya-5500m2-burgas-s.bylgari/la21004,1.0,2025-01-13 18:03:42.666891,https://www.homes.bg/api/offers??currencyId=1&filterOrderBy=0&locationId=0&typeId=LandAgro,homes.bg,2176,2025-01-13,21004,,,,
"Земеделска земя, 15767m²","Категория 3, Нива",63068.0,ЛЕВА,False, продажба,,Добрич,гр.Балчик,,,,https://homes.bg/offer/zemya-za-prodazhba/zemedelska-zemya-15767m2-dobrich-gr.balchik/la34523,1.0,2025-01-13 18:03:42.666904,https://www.homes.bg/api/offers??currencyId=1&filterOrderBy=0&locationId=0&typeId=LandAgro,homes.bg,2176,2025-01-13,34523,,,,
"Земеделска земя, 3000m²","Категория 3, Ливада",300000.0,EUR,False, продажба,,София, Лозен,,,,https://homes.bg/offer/zemya-za-prodazhba/zemedelska-zemya-3000m2-sofiya-lozen/la34524,1.0,2025-01-13 18:03:42.666917,https://www.homes.bg/api/offers??currencyId=1&filterOrderBy=0&locationId=0&typeId=LandAgro,homes.bg,2176,2025-01-13,34524,,,,
"Земеделска земя, 701m²",,29000.0,EUR,False, продажба,,Благоевград, Първа Промишлена Зона,,,,https://homes.bg/offer/zemya-za-prodazhba/zemedelska-zemya-701m2-blagoevgrad-pyrva-promishlena-zona/la34525,4.0,2025-01-13 18:03:42.666933,https://www.homes.bg/api/offers??currencyId=1&filterOrderBy=0&locationId=0&typeId=LandAgro,homes.bg,2176,2025-01-13,34525,,,,
"Земеделска земя, 2999m²",Нива,16000.0,ЛЕВА,False, продажба,,Пловдив,с.Брестовица,,,,https://homes.bg/offer/zemya-za-prodazhba/zemedelska-zemya-2999m2-plovdiv-s.brestovica/la24510,1.0,2025-01-13 18:03:42.666946,https://www.homes.bg/api/offers??currencyId=1&filterOrderBy=0&locationId=0&typeId=LandAgro,homes.bg,2176,2025-01-13,24510,,,,
"Земеделска земя, 7787m²","Категория 4, Нива",2024620.0,EUR,False, продажба,,София, Банкя,,,,https://homes.bg/offer/zemya-za-prodazhba/zemedelska-zemya-7787m2-sofiya-bankya/la34521,1.0,2025-01-13 18:03:42.666959,https://www.homes.bg/api/offers??currencyId=1&filterOrderBy=0&locationId=0&typeId=LandAgro,homes.bg,2176,2025-01-13,34521,,,,
"Земеделска земя, 11515m²","Категория 10, Пасище",69100.0,EUR,False, продажба,,Бургас, Северна Промишлена Зона,,,,https://homes.bg/offer/zemya-za-prodazhba/zemedelska-zemya-11515m2-burgas-severna-promishlena-zona/la34520,0.0,2025-01-13 18:03:42.666972,https://www.homes.bg/api/offers??currencyId=1&filterOrderBy=0&locationId=0&typeId=LandAgro,homes.bg,2176,2025-01-13,34520,,,,
"Земеделска земя, 3875m²",Нива,581250.0,EUR,False, продажба,,Варна, Летище,,,,https://homes.bg/offer/zemya-za-prodazhba/zemedelska-zemya-3875m2-varna-letishte/la24806,1.0,2025-01-13 18:03:42.666985,https://www.homes.bg/api/offers??currencyId=1&filterOrderBy=0&locationId=0&typeId=LandAgro,homes.bg,2176,2025-01-13,24806,,,,
"Земеделска земя, 6021m²",Друго,132462.0,EUR,False, продажба,,Софийска,с.Хераково,,,,https://homes.bg/offer/zemya-za-prodazhba/zemedelska-zemya-6021m2-sofijska-s.herakovo/la24099,2.0,2025-01-13 18:03:42.666999,https://www.homes.bg/api/offers??currencyId=1&filterOrderBy=0&locationId=0&typeId=LandAgro,homes.bg,2176,2025-01-13,24099,,,,
"Земеделска земя, 9000m²",Нива,0.0,EUR,False, продажба,,Созопол,с.Атия,,,,https://homes.bg/offer/zemya-za-prodazhba/zemedelska-zemya-9000m2-sozopol-s.atiya/la21693,1.0,2025-01-13 18:03:42.667012,https://www.homes.bg/api/offers??currencyId=1&filterOrderBy=0&locationId=0&typeId=LandAgro,homes.bg,2176,2025-01-13,21693,,,,
"Земеделска земя, 6800m²","Категория 7, Нива",748000.0,EUR,False, продажба,,Варна, Летище,,,,https://homes.bg/offer/zemya-za-prodazhba/zemedelska-zemya-6800m2-varna-letishte/la22378,0.0,2025-01-13 18:03:42.667024,https://www.homes.bg/api/offers??currencyId=1&filterOrderBy=0&locationId=0&typeId=LandAgro,homes.bg,2176,2025-01-13,22378,,,,
"Земеделска земя, 6000m²","Категория 10, Нива",60000.0,ЛЕВА,False, продажба,,Аксаково,с.Орешак,,,,https://homes.bg/offer/zemya-za-prodazhba/zemedelska-zemya-6000m2-aksakovo-s.oreshak/la34296,0.0,2025-01-13 18:03:42.667037,https://www.homes.bg/api/offers??currencyId=1&filterOrderBy=0&locationId=0&typeId=LandAgro,homes.bg,2176,2025-01-13,34296,,,,
"Земеделска земя, 7400m²","Категория 5, Нива",23000.0,EUR,False, продажба,,Пловдив,с.Костиево,,,,https://homes.bg/offer/zemya-za-prodazhba/zemedelska-zemya-7400m2-plovdiv-s.kostievo/la25072,1.0,2025-01-13 18:03:42.667049,https://www.homes.bg/api/offers??currencyId=1&filterOrderBy=0&locationId=0&typeId=LandAgro,homes.bg,2176,2025-01-13,25072,,,,
"Земеделска земя, 3090m²","Категория 4, Нива",61800.0,EUR,False, продажба,,Пловдив,с.Марково,,,,https://homes.bg/offer/zemya-za-prodazhba/zemedelska-zemya-3090m2-plovdiv-s.markovo/la26561,1.0,2025-01-13 18:03:42.667061,https://www.homes.bg/api/offers??currencyId=1&filterOrderBy=0&locationId=0&typeId=LandAgro,homes.bg,2176,2025-01-13,26561,,,,
"Земеделска земя, 4440m²","Категория 3, Нива",111000.0,EUR,False, продажба,,Пловдив,с.Белащица,,,,https://homes.bg/offer/zemya-za-prodazhba/zemedelska-zemya-4440m2-plovdiv-s.belashtica/la25092,1.0,2025-01-13 18:03:42.667074,https://www.homes.bg/api/offers??currencyId=1&filterOrderBy=0&locationId=0&typeId=LandAgro,homes.bg,2176,2025-01-13,25092,,,,
"Земеделска земя, 10000m²",Нива,0.0,ЛЕВА,False, продажба,,Хасково, Източна Индустриална Зона,,,,https://homes.bg/offer/zemya-za-prodazhba/zemedelska-zemya-10000m2-haskovo-iztochna-industrialna-zona/la11311,2.0,2025-01-13 18:03:42.667088,https://www.homes.bg/api/offers??currencyId=1&filterOrderBy=0&locationId=0&typeId=LandAgro,homes.bg,2176,2025-01-13,11311,,,,
"Земеделска земя, 10000m²",Друго,0.0,EUR,False, продажба,,Хасково,с.Узунджово,,,,https://homes.bg/offer/zemya-za-prodazhba/zemedelska-zemya-10000m2-haskovo-s.uzundzhovo/la11794,0.0,2025-01-13 18:03:42.667100,https://www.homes.bg/api/offers??currencyId=1&filterOrderBy=0&locationId=0&typeId=LandAgro,homes.bg,2176,2025-01-13,11794,,,,
"Земеделска земя, 10000m²",Нива,0.0,EUR,False, продажба,,Хасково, Северна Индустриална Зона,,,,https://homes.bg/offer/zemya-za-prodazhba/zemedelska-zemya-10000m2-haskovo-severna-industrialna-zona/la11312,0.0,2025-01-13 18:03:42.667112,https://www.homes.bg/api/offers??currencyId=1&filterOrderBy=0&locationId=0&typeId=LandAgro,homes.bg,2176,2025-01-13,11312,,,,
"Земеделска земя, 13100m²",,156000.0,EUR,False, продажба,,Ямбол,с.Тенево,,,,https://homes.bg/offer/zemya-za-prodazhba/zemedelska-zemya-13100m2-yambol-s.tenevo/la21669,4.0,2025-01-13 18:03:42.667127,https://www.homes.bg/api/offers??currencyId=1&filterOrderBy=0&locationId=0&typeId=LandAgro,homes.bg,2176,2025-01-13,21669,,,,
"Земеделска земя, 4820m²",,27000.0,ЛЕВА,False, продажба,,Сливен,кв. Речица,,,,https://homes.bg/offer/zemya-za-prodazhba/zemedelska-zemya-4820m2-sliven-kv.-rechica/la24991,1.0,2025-01-13 18:03:42.667140,https://www.homes.bg/api/offers??currencyId=1&filterOrderBy=0&locationId=0&typeId=LandAgro,homes.bg,2176,2025-01-13,24991,,,,
"Земеделска земя, 1610m²",Нива,25000.0,EUR,False, продажба,,Пловдив,с.Скутаре,,,,https://homes.bg/offer/zemya-za-prodazhba/zemedelska-zemya-1610m2-plovdiv-s.skutare/la34516,2.0,2025-01-13 18:03:42.667153,https://www.homes.bg/api/offers??currencyId=1&filterOrderBy=0&locationId=0&typeId=LandAgro,homes.bg,2176,2025-01-13,34516,,,,
"Земеделска земя, 5926m²","Категория 7, Нива",33000.0,ЛЕВА,False, продажба,,Пловдив,с.Калояново,,,,https://homes.bg/offer/zemya-za-prodazhba/zemedelska-zemya-5926m2-plovdiv-s.kaloyanovo/la34515,1.0,2025-01-13 18:03:42.667166,https://www.homes.bg/api/offers??currencyId=1&filterOrderBy=0&locationId=0&typeId=LandAgro,homes.bg,2176,2025-01-13,34515,,,,
"Земеделска земя, 5000m²",Нива,140000.0,EUR,False, продажба,,Пловдив,с.Белащица,,,,https://homes.bg/offer/zemya-za-prodazhba/zemedelska-zemya-5000m2-plovdiv-s.belashtica/la34517,1.0,2025-01-13 18:03:42.667178,https://www.homes.bg/api/offers??currencyId=1&filterOrderBy=0&locationId=0&typeId=LandAgro,homes.bg,2176,2025-01-13,34517,,,,
"Земеделска земя, 5000m²","Категория 4, Нива",87000.0,EUR,False, продажба,,Пловдив,с.Златитрап,,,,https://homes.bg/offer/zemya-za-prodazhba/zemedelska-zemya-5000m2-plovdiv-s.zlatitrap/la34514,1.0,2025-01-13 18:03:42.667191,https://www.homes.bg/api/offers??currencyId=1&filterOrderBy=0&locationId=0&typeId=LandAgro,homes.bg,2176,2025-01-13,34514,,,,
"Земеделска земя, 2628m²",Нива,118260.0,EUR,False, продажба,,Пловдив,с.Ягодово,,,,https://homes.bg/offer/zemya-za-prodazhba/zemedelska-zemya-2628m2-plovdiv-s.yagodovo/la20503,3.0,2025-01-13 18:03:42.667204,https://www.homes.bg/api/offers??currencyId=1&filterOrderBy=0&locationId=0&typeId=LandAgro,homes.bg,2176,2025-01-13,20503,,,,
"Земеделска земя, 2497m²",Нива,199760.0,EUR,False, продажба,,Пловдив,с.Ягодово,,,,https://homes.bg/offer/zemya-za-prodazhba/zemedelska-zemya-2497m2-plovdiv-s.yagodovo/la20502,6.0,2025-01-13 18:03:42.667217,https://www.homes.bg/api/offers??currencyId=1&filterOrderBy=0&locationId=0&typeId=LandAgro,homes.bg,2176,2025-01-13,20502,,,,
"Земеделска земя, 120000m²","Категория 5, Нива",0.0,EUR,False, продажба,,Перник,с.Кралев дол,,,,https://homes.bg/offer/zemya-za-prodazhba/zemedelska-zemya-120000m2-pernik-s.kralev-dol/la18070,1.0,2025-01-13 18:03:42.667228,https://www.homes.bg/api/offers??currencyId=1&filterOrderBy=0&locationId=0&typeId=LandAgro,homes.bg,2176,2025-01-13,18070,,,,
"Земеделска земя, 1984m²",Друго,11500.0,EUR,False, продажба,,Бургас,с.Българи,,,,https://homes.bg/offer/zemya-za-prodazhba/zemedelska-zemya-1984m2-burgas-s.bylgari/la33887,5.0,2025-01-13 18:03:42.667241,https://www.homes.bg/api/offers??currencyId=1&filterOrderBy=0&locationId=0&typeId=LandAgro,homes.bg,2176,2025-01-13,33887,,,,
"Земеделска земя, 6248m²",Друго,187715.0,EUR,False, продажба,,Бургас,гр.Царево,,,,https://homes.bg/offer/zemya-za-prodazhba/zemedelska-zemya-6248m2-burgas-gr.carevo/la24651,7.0,2025-01-13 18:03:42.667255,https://www.homes.bg/api/offers??currencyId=1&filterOrderBy=0&locationId=0&typeId=LandAgro,homes.bg,2176,2025-01-13,24651,,,,
"Земеделска земя, 3115m²","Категория 9, Нива",18900.0,EUR,False, продажба,,Благоевград,с.Делвино,,,,https://homes.bg/offer/zemya-za-prodazhba/zemedelska-zemya-3115m2-blagoevgrad-s.delvino/la20692,10.0,2025-01-13 18:03:42.667271,https://www.homes.bg/api/offers??currencyId=1&filterOrderBy=0&locationId=0&typeId=LandAgro,homes.bg,2176,2025-01-13,20692,,,,
"Земеделска земя, 5783m²","Категория 5, Нива",44350.0,EUR,False, продажба,,Благоевград,с.Българчево,,,,https://homes.bg/offer/zemya-za-prodazhba/zemedelska-zemya-5783m2-blagoevgrad-s.bylgarchevo/la19700,10.0,2025-01-13 18:03:42.667287,https://www.homes.bg/api/offers??currencyId=1&filterOrderBy=0&locationId=0&typeId=LandAgro,homes.bg,2176,2025-01-13,19700,,,,
"Земеделска земя, 5600m²","Категория 5, Нива",336000.0,EUR,False, продажба,,Koчериново,с.Бараково,,,,https://homes.bg/offer/zemya-za-prodazhba/zemedelska-zemya-5600m2-kocherinovo-s.barakovo/la24613,7.0,2025-01-13 18:03:42.667300,https://www.homes.bg/api/offers??currencyId=1&filterOrderBy=0&locationId=0&typeId=LandAgro,homes.bg,2176,2025-01-13,24613,,,,
"Земеделска земя, 1210m²","Категория 4, Овощна градина",17900.0,EUR,False, продажба,,Благоевград,с.Логодаж,,,,https://homes.bg/offer/zemya-za-prodazhba/zemedelska-zemya-1210m2-blagoevgrad-s.logodazh/la20884,7.0,2025-01-13 18:03:42.667314,https://www.homes.bg/api/offers??currencyId=1&filterOrderBy=0&locationId=0&typeId=LandAgro,homes.bg,2176,2025-01-13,20884,,,,
"Земеделска земя, 4879m²","Категория 5, Нива",75000.0,ЛЕВА,False, продажба,,Благоевград, Първа Промишлена Зона,,,,https://homes.bg/offer/zemya-za-prodazhba/zemedelska-zemya-4879m2-blagoevgrad-pyrva-promishlena-zona/la33511,9.0,2025-01-13 18:03:42.667328,https://www.homes.bg/api/offers??currencyId=1&filterOrderBy=0&locationId=0&typeId=LandAgro,homes.bg,2176,2025-01-13,33511,,,,
"Земеделска земя, 2685m²","Категория 9, Лозе",67000.0,ЛЕВА,False, продажба,,Благоевград,с.Рилци,,,,https://homes.bg/offer/zemya-za-prodazhba/zemedelska-zemya-2685m2-blagoevgrad-s.rilci/la33512,10.0,2025-01-13 18:03:42.667344,https://www.homes.bg/api/offers??currencyId=1&filterOrderBy=0&locationId=0&typeId=LandAgro,homes.bg,2176,2025-01-13,33512,,,,
"Земеделска земя, 5000m²",Нива,5000.0,EUR,False, продажба,,Петрич,с.Марикостиново,,,,https://homes.bg/offer/zemya-za-prodazhba/zemedelska-zemya-5000m2-petrich-s.marikostinovo/la19228,10.0,2025-01-13 18:03:42.667359,https://www.homes.bg/api/offers??currencyId=1&filterOrderBy=0&locationId=0&typeId=LandAgro,homes.bg,2176,2025-01-13,19228,,,,
"Земеделска земя, 33190m²",Друго,51000.0,EUR,False, продажба,,Бургас,с.Бата,,,,https://homes.bg/offer/zemya-za-prodazhba/zemedelska-zemya-33190m2-burgas-s.bata/la24870,1.0,2025-01-13 18:03:42.667370,https://www.homes.bg/api/offers??currencyId=1&filterOrderBy=0&locationId=0&typeId=LandAgro,homes.bg,2176,2025-01-13,24870,,,,
"Земеделска земя, 30000m²",Друго,240000.0,EUR,False, продажба,,Пазарджик,с.Гелеменово,,,,https://homes.bg/offer/zemya-za-prodazhba/zemedelska-zemya-30000m2-pazardzhik-s.gelemenovo/la34506,3.0,2025-01-13 18:03:42.667382,https://www.homes.bg/api/offers??currencyId=1&filterOrderBy=0&locationId=0&typeId=LandAgro,homes.bg,2176,2025-01-13,34506,,,,
"Земеделска земя, 2340m²",,30000.0,ЛЕВА,False, продажба,,Сливен,кв. Речица,,,,https://homes.bg/offer/zemya-za-prodazhba/zemedelska-zemya-2340m2-sliven-kv.-rechica/la24964,1.0,2025-01-13 18:03:42.667393,https://www.homes.bg/api/offers??currencyId=1&filterOrderBy=0&locationId=0&typeId=LandAgro,homes.bg,2176,2025-01-13,24964,,,,
"Земеделска земя, 15996m²",Нива,48000.0,EUR,False, продажба,,Варна,гр.Бяла,,,,https://homes.bg/offer/zemya-za-prodazhba/zemedelska-zemya-15996m2-varna-gr.byala/la34512,2.0,2025-01-13 18:03:42.667404,https://www.homes.bg/api/offers??currencyId=1&filterOrderBy=0&locationId=0&typeId=LandAgro,homes.bg,2176,2025-01-13,34512,,,,
"Земеделска земя, 2700m²",,26000.0,EUR,False, продажба,,Пловдив,с.Царацово,,,,https://homes.bg/offer/zemya-za-prodazhba/zemedelska-zemya-2700m2-plovdiv-s.caracovo/la24248,1.0,2025-01-13 18:03:42.667415,https://www.homes.bg/api/offers??currencyId=1&filterOrderBy=0&locationId=0&typeId=LandAgro,homes.bg,2176,2025-01-13,24248,,,,
"Земеделска земя, 2701m²",,26000.0,EUR,False, продажба,,Пловдив,с.Царацово,,,,https://homes.bg/offer/zemya-za-prodazhba/zemedelska-zemya-2701m2-plovdiv-s.caracovo/la23920,1.0,2025-01-13 18:03:42.667425,https://www.homes.bg/api/offers??currencyId=1&filterOrderBy=0&locationId=0&typeId=LandAgro,homes.bg,2176,2025-01-13,23920,,,,
"Земеделска земя, 11421m²",Ливада,6500.0,EUR,False, продажба,,Софийска,гр.Копривщица,,,,https://homes.bg/offer/zemya-za-prodazhba/zemedelska-zemya-11421m2-sofijska-gr.koprivshtica/la25119,1.0,2025-01-13 18:03:42.667436,https://www.homes.bg/api/offers??currencyId=1&filterOrderBy=0&locationId=0&typeId=LandAgro,homes.bg,2176,2025-01-13,25119,,,,
"Земеделска земя, 1347m²",Ливада,11000.0,ЛЕВА,False, продажба,,Перник,с.Люлин,,,,https://homes.bg/offer/zemya-za-prodazhba/zemedelska-zemya-1347m2-pernik-s.ljulin/la22592,0.0,2025-01-13 18:03:42.667447,https://www.homes.bg/api/offers??currencyId=1&filterOrderBy=0&locationId=0&typeId=LandAgro,homes.bg,2176,2025-01-13,22592,,,,
"Земеделска земя, 1603m²","Категория 4, Ливада",13000.0,ЛЕВА,False, продажба,,Перник,с.Люлин,,,,https://homes.bg/offer/zemya-za-prodazhba/zemedelska-zemya-1603m2-pernik-s.ljulin/la22595,0.0,2025-01-13 18:03:42.667457,https://www.homes.bg/api/offers??currencyId=1&filterOrderBy=0&locationId=0&typeId=LandAgro,homes.bg,2176,2025-01-13,22595,,,,
"Земеделска земя, 572m²",Нива,6000.0,EUR,False, продажба,,София,жк. Люлин 5,,,,https://homes.bg/offer/zemya-za-prodazhba/zemedelska-zemya-572m2-sofiya-zhk.-ljulin-5/la20263,1.0,2025-01-13 18:03:42.667468,https://www.homes.bg/api/offers??currencyId=1&filterOrderBy=0&locationId=0&typeId=LandAgro,homes.bg,2176,2025-01-13,20263,,,,
"Земеделска земя, 11182m²",,78274.0,EUR,False, продажба,,Велико Търново,с.Балван,,,,https://homes.bg/offer/zemya-za-prodazhba/zemedelska-zemya-11182m2-veliko-tyrnovo-s.balvan/la21735,2.0,2025-01-13 18:03:42.667479,https://www.homes.bg/api/offers??currencyId=1&filterOrderBy=0&locationId=0&typeId=LandAgro,homes.bg,2176,2025-01-13,21735,,,,
"Земеделска земя, 9001m²",,29000.0,ЛЕВА,False, продажба,,Сливен,с.Мечкарево,,,,https://homes.bg/offer/zemya-za-prodazhba/zemedelska-zemya-9001m2-sliven-s.mechkarevo/la34074,2.0,2025-01-13 18:03:42.667490,https://www.homes.bg/api/offers??currencyId=1&filterOrderBy=0&locationId=0&typeId=LandAgro,homes.bg,2176,2025-01-13,34074,,,,
"Земеделска земя, 4330m²",Нива,116910.0,EUR,False, продажба,,Пловдив,с.Войводиново,,,,https://homes.bg/offer/zemya-za-prodazhba/zemedelska-zemya-4330m2-plovdiv-s.vojvodinovo/la34240,2.0,2025-01-13 18:03:42.667501,https://www.homes.bg/api/offers??currencyId=1&filterOrderBy=0&locationId=0&typeId=LandAgro,homes.bg,2176,2025-01-13,34240,,,,
"Земеделска земя, 1869m²","Категория 9, Нива",74760.0,EUR,False, продажба,,Асеновград,гр.Асеновград,,,,https://homes.bg/offer/zemya-za-prodazhba/zemedelska-zemya-1869m2-asenovgrad-gr.asenovgrad/la22633,1.0,2025-01-13 18:03:45.485368,https://www.homes.bg/api/offers??currencyId=1&filterOrderBy=0&locationId=0&typeId=LandAgro,homes.bg,2176,2025-01-13,22633,,,,
"Земеделска земя, 1873m²","Категория 9, Овощна градина",22000.0,ЛЕВА,False, продажба,,Асеновград,гр.Асеновград,,,,https://homes.bg/offer/zemya-za-prodazhba/zemedelska-zemya-1873m2-asenovgrad-gr.asenovgrad/la34511,2.0,2025-01-13 18:03:45.485428,https://www.homes.bg/api/offers??currencyId=1&filterOrderBy=0&locationId=0&typeId=LandAgro,homes.bg,2176,2025-01-13,34511,,,,
"Земеделска земя, 4068m²",,75800.0,EUR,False, продажба,,Пловдив,с.Труд,,,,https://homes.bg/offer/zemya-za-prodazhba/zemedelska-zemya-4068m2-plovdiv-s.trud/la34106,1.0,2025-01-13 18:03:45.485450,https://www.homes.bg/api/offers??currencyId=1&filterOrderBy=0&locationId=0&typeId=LandAgro,homes.bg,2176,2025-01-13,34106,,,,
"Земеделска земя, 4068m²",,75800.0,EUR,False, продажба,,Пловдив,с.Труд,,,,https://homes.bg/offer/zemya-za-prodazhba/zemedelska-zemya-4068m2-plovdiv-s.trud/la34107,1.0,2025-01-13 18:03:45.485467,https://www.homes.bg/api/offers??currencyId=1&filterOrderBy=0&locationId=0&typeId=LandAgro,homes.bg,2176,2025-01-13,34107,,,,
"Земеделска земя, 11342m²","Категория 3, Нива",294892.0,EUR,False, продажба,,Пловдив,с.Брестник,,,,https://homes.bg/offer/zemya-za-prodazhba/zemedelska-zemya-11342m2-plovdiv-s.brestnik/la23468,10.0,2025-01-13 18:03:45.485487,https://www.homes.bg/api/offers??currencyId=1&filterOrderBy=0&locationId=0&typeId=LandAgro,homes.bg,2176,2025-01-13,23468,,,,
"Земеделска земя, 21000m²","Категория 4, Нива",90000.0,EUR,False, продажба,,Пловдив,с.Ягодово,,,,https://homes.bg/offer/zemya-za-prodazhba/zemedelska-zemya-21000m2-plovdiv-s.yagodovo/la34504,2.0,2025-01-13 18:03:45.485503,https://www.homes.bg/api/offers??currencyId=1&filterOrderBy=0&locationId=0&typeId=LandAgro,homes.bg,2176,2025-01-13,34504,,,,
"Земеделска земя, 2362m²",Друго,188960.0,EUR,False, продажба,,София -,с.Железница,,,,https://homes.bg/offer/zemya-za-prodazhba/zemedelska-zemya-2362m2-sofiya---grad-s.zheleznica/la34459,3.0,2025-01-13 18:03:45.485518,https://www.homes.bg/api/offers??currencyId=1&filterOrderBy=0&locationId=0&typeId=LandAgro,homes.bg,2176,2025-01-13,34459,,,,
"Земеделска земя, 1800m²","Категория 7, Нива",36000.0,ЛЕВА,False, продажба,,Дупница,с.Крайници,,,,https://homes.bg/offer/zemya-za-prodazhba/zemedelska-zemya-1800m2-dupnica-s.krajnici/la34502,4.0,2025-01-13 18:03:45.485534,https://www.homes.bg/api/offers??currencyId=1&filterOrderBy=0&locationId=0&typeId=LandAgro,homes.bg,2176,2025-01-13,34502,,,,
"Земеделска земя, 5499m²","Категория 4, Нива",49500.0,EUR,False, продажба,,Варна,гр.Бяла,,,,https://homes.bg/offer/zemya-za-prodazhba/zemedelska-zemya-5499m2-varna-gr.byala/la34496,2.0,2025-01-13 18:03:45.485550,https://www.homes.bg/api/offers??currencyId=1&filterOrderBy=0&locationId=0&typeId=LandAgro,homes.bg,2176,2025-01-13,34496,,,,
"Земеделска земя, 3393m²",,132330.0,EUR,False, продажба,,Пловдив,кв. Коматево,,,,https://homes.bg/offer/zemya-za-prodazhba/zemedelska-zemya-3393m2-plovdiv-kv.-komatevo/la33708,1.0,2025-01-13 18:03:45.485563,https://www.homes.bg/api/offers??currencyId=1&filterOrderBy=0&locationId=0&typeId=LandAgro,homes.bg,2176,2025-01-13,33708,,,,
"Земеделска земя, 1209m²",Нива,36300.0,EUR,False, продажба,,Варна,гр.Бяла,,,,https://homes.bg/offer/zemya-za-prodazhba/zemedelska-zemya-1209m2-varna-gr.byala/la34278,3.0,2025-01-13 18:03:45.485578,https://www.homes.bg/api/offers??currencyId=1&filterOrderBy=0&locationId=0&typeId=LandAgro,homes.bg,2176,2025-01-13,34278,,,,
"Земеделска земя, 3000m²","Категория 5, Нива",16000.0,EUR,False, продажба,,Варна,гр.Бяла,,,,https://homes.bg/offer/zemya-za-prodazhba/zemedelska-zemya-3000m2-varna-gr.byala/la34277,2.0,2025-01-13 18:03:45.485592,https://www.homes.bg/api/offers??currencyId=1&filterOrderBy=0&locationId=0&typeId=LandAgro,homes.bg,2176,2025-01-13,34277,,,,
"Земеделска земя, 5103m²","Категория 5, Нива",21000.0,EUR,False, продажба,,Варна,с.Горица,,,,https://homes.bg/offer/zemya-za-prodazhba/zemedelska-zemya-5103m2-varna-s.gorica/la34279,2.0,2025-01-13 18:03:45.485606,https://www.homes.bg/api/offers??currencyId=1&filterOrderBy=0&locationId=0&typeId=LandAgro,homes.bg,2176,2025-01-13,34279,,,,
"Земеделска земя, 1607m²","Категория 4, Нива",44990.0,EUR,False, продажба,,София,жк. Обеля 2,,,,https://homes.bg/offer/zemya-za-prodazhba/zemedelska-zemya-1607m2-sofiya-zhk.-obelya-2/la24007,1.0,2025-01-13 18:03:45.485621,https://www.homes.bg/api/offers??currencyId=1&filterOrderBy=0&locationId=0&typeId=LandAgro,homes.bg,2176,2025-01-13,24007,,,,
"Земеделска земя, 6000m²","Категория 3, Нива",18000.0,ЛЕВА,False, продажба,,Дългопол,гр.Дългопол,,,,https://homes.bg/offer/zemya-za-prodazhba/zemedelska-zemya-6000m2-dylgopol-gr.dylgopol/la25166,0.0,2025-01-13 18:03:45.485635,https://www.homes.bg/api/offers??currencyId=1&filterOrderBy=0&locationId=0&typeId=LandAgro,homes.bg,2176,2025-01-13,25166,,,,
"Земеделска земя, 1300m²",,71500.0,EUR,False, продажба,,София -,с.Горни Богров,,,,https://homes.bg/offer/zemya-za-prodazhba/zemedelska-zemya-1300m2-sofiya---grad-s.gorni-bogrov/la33487,2.0,2025-01-13 18:03:45.485649,https://www.homes.bg/api/offers??currencyId=1&filterOrderBy=0&locationId=0&typeId=LandAgro,homes.bg,2176,2025-01-13,33487,,,,
"Земеделска земя, 2430m²","Категория 5, Нива",97200.0,EUR,False, продажба,,Пловдив,с.Марково,,,,https://homes.bg/offer/zemya-za-prodazhba/zemedelska-zemya-2430m2-plovdiv-s.markovo/la26583,2.0,2025-01-13 18:03:45.485663,https://www.homes.bg/api/offers??currencyId=1&filterOrderBy=0&locationId=0&typeId=LandAgro,homes.bg,2176,2025-01-13,26583,,,,
"Земеделска земя, 1400m²",Друго,42000.0,EUR,False, продажба,,Благоевград,,,,,https://homes.bg/offer/zemya-za-prodazhba/zemedelska-zemya-1400m2-blagoevgrad-/la34249,4.0,2025-01-13 18:03:45.485679,https://www.homes.bg/api/offers??currencyId=1&filterOrderBy=0&locationId=0&typeId=LandAgro,homes.bg,2176,2025-01-13,34249,,,,
"Земеделска земя, 600m²",Друго,14000.0,EUR,False, продажба,,Благоевград,с.Рилци,,,,https://homes.bg/offer/zemya-za-prodazhba/zemedelska-zemya-600m2-blagoevgrad-s.rilci/la34250,7.0,2025-01-13 18:03:45.485695,https://www.homes.bg/api/offers??currencyId=1&filterOrderBy=0&locationId=0&typeId=LandAgro,homes.bg,2176,2025-01-13,34250,,,,
"Земеделска земя, 400m²",Друго,8165.0,EUR,False, продажба,,Благоевград,жк. Баларбаши,,,,https://homes.bg/offer/zemya-za-prodazhba/zemedelska-zemya-400m2-blagoevgrad-zhk.-balarbashi/la34251,10.0,2025-01-13 18:03:45.485712,https://www.homes.bg/api/offers??currencyId=1&filterOrderBy=0&locationId=0&typeId=LandAgro,homes.bg,2176,2025-01-13,34251,,,,
"Земеделска земя, 6400m²",Друго,0.0,EUR,False, продажба,,Варна,с.Тополи,,,,https://homes.bg/offer/zemya-za-prodazhba/zemedelska-zemya-6400m2-varna-s.topoli/la34642,4.0,2025-01-13 18:03:45.485729,https://www.homes.bg/api/offers??currencyId=1&filterOrderBy=0&locationId=0&typeId=LandAgro,homes.bg,2176,2025-01-13,34642,,,,
"Земеделска земя, 1362m²","Категория 8, Нива",10000.0,ЛЕВА,False, продажба,,Девин,гр.Девин,,,,https://homes.bg/offer/zemya-za-prodazhba/zemedelska-zemya-1362m2-devin-gr.devin/la34482,0.0,2025-01-13 18:03:45.485746,https://www.homes.bg/api/offers??currencyId=1&filterOrderBy=0&locationId=0&typeId=LandAgro,homes.bg,2176,2025-01-13,34482,,,,
"Земеделска земя, 4940m²",Друго,0.0,EUR,False, продажба,,Пловдив, Индустриална зона - Юг,,,,https://homes.bg/offer/zemya-za-prodazhba/zemedelska-zemya-4940m2-plovdiv-industrialna-zona---jug/la24660,2.0,2025-01-13 18:03:45.485759,https://www.homes.bg/api/offers??currencyId=1&filterOrderBy=0&locationId=0&typeId=LandAgro,homes.bg,2176,2025-01-13,24660,,,,
"Земеделска земя, 38110m²",Овощна градина,250000.0,ЛЕВА,False, продажба,,Пловдив,с.Катуница,,,,https://homes.bg/offer/zemya-za-prodazhba/zemedelska-zemya-38110m2-plovdiv-s.katunica/la21256,3.0,2025-01-13 18:03:45.485774,https://www.homes.bg/api/offers??currencyId=1&filterOrderBy=0&locationId=0&typeId=LandAgro,homes.bg,2176,2025-01-13,21256,,,,
"Земеделска земя, 12001m²","Категория 3, Нива",85000.0,EUR,False, продажба,,Тунджа,с.Тенево,,,,https://homes.bg/offer/zemya-za-prodazhba/zemedelska-zemya-12001m2-tundzha-s.tenevo/la22800,1.0,2025-01-13 18:03:45.485788,https://www.homes.bg/api/offers??currencyId=1&filterOrderBy=0&locationId=0&typeId=LandAgro,homes.bg,2176,2025-01-13,22800,,,,
"Земеделска земя, 10000m²",,20000.0,EUR,False, продажба,,Варна,с.Приселци,,,,https://homes.bg/offer/zemya-za-prodazhba/zemedelska-zemya-10000m2-varna-s.priselci/la34003,1.0,2025-01-13 18:03:45.485801,https://www.homes.bg/api/offers??currencyId=1&filterOrderBy=0&locationId=0&typeId=LandAgro,homes.bg,2176,2025-01-13,34003,,,,
"Земеделска земя, 23513m²",,205000.0,ЛЕВА,False, продажба,,Ямбол,с.Търнава,,,,https://homes.bg/offer/zemya-za-prodazhba/zemedelska-zemya-23513m2-yambol-s.tyrnava/la34152,1.0,2025-01-13 18:03:45.485815,https://www.homes.bg/api/offers??currencyId=1&filterOrderBy=0&locationId=0&typeId=LandAgro,homes.bg,2176,2025-01-13,34152,,,,
"Земеделска земя, 35907m²",,323163.0,EUR,False, продажба,,Бургас, Сарафово,,,,https://homes.bg/offer/zemya-za-prodazhba/zemedelska-zemya-35907m2-burgas-sarafovo/la24372,1.0,2025-01-13 18:03:45.485828,https://www.homes.bg/api/offers??currencyId=1&filterOrderBy=0&locationId=0&typeId=LandAgro,homes.bg,2176,2025-01-13,24372,,,,
"Земеделска земя, 3135m²",,78375.0,EUR,False, продажба,,Бургас,гр.Черноморец,,,,https://homes.bg/offer/zemya-za-prodazhba/zemedelska-zemya-3135m2-burgas-gr.chernomorec/la33949,1.0,2025-01-13 18:03:45.485841,https://www.homes.bg/api/offers??currencyId=1&filterOrderBy=0&locationId=0&typeId=LandAgro,homes.bg,2176,2025-01-13,33949,,,,
"Земеделска земя, 95784m²",,310800.0,ЛЕВА,False, продажба,,Бургас,с.Дрянковец,,,,https://homes.bg/offer/zemya-za-prodazhba/zemedelska-zemya-95784m2-burgas-s.dryankovec/la34009,3.0,2025-01-13 18:03:45.485855,https://www.homes.bg/api/offers??currencyId=1&filterOrderBy=0&locationId=0&typeId=LandAgro,homes.bg,2176,2025-01-13,34009,,,,
"Земеделска земя, 27294m²",,339000.0,EUR,False, продажба,,Бургас, Сарафово,,,,https://homes.bg/offer/zemya-za-prodazhba/zemedelska-zemya-27294m2-burgas-sarafovo/la34080,1.0,2025-01-13 18:03:45.485868,https://www.homes.bg/api/offers??currencyId=1&filterOrderBy=0&locationId=0&typeId=LandAgro,homes.bg,2176,2025-01-13,34080,,,,
"Земеделска земя, 6200m²",,159000.0,EUR,False, продажба,,Бургас,гр.Черноморец,,,,https://homes.bg/offer/zemya-za-prodazhba/zemedelska-zemya-6200m2-burgas-gr.chernomorec/la33701,1.0,2025-01-13 18:03:45.485881,https://www.homes.bg/api/offers??currencyId=1&filterOrderBy=0&locationId=0&typeId=LandAgro,homes.bg,2176,2025-01-13,33701,,,,
"Земеделска земя, 5358m²",,241110.0,EUR,False, продажба,,Бургас,с.Равда,,,,https://homes.bg/offer/zemya-za-prodazhba/zemedelska-zemya-5358m2-burgas-s.ravda/la33901,1.0,2025-01-13 18:03:45.485895,https://www.homes.bg/api/offers??currencyId=1&filterOrderBy=0&locationId=0&typeId=LandAgro,homes.bg,2176,2025-01-13,33901,,,,
"Земеделска земя, 3000m²",,90000.0,EUR,False, продажба,,Софийска,с.Хераково,,,,https://homes.bg/offer/zemya-za-prodazhba/zemedelska-zemya-3000m2-sofijska-s.herakovo/la24387,1.0,2025-01-13 18:03:45.485909,https://www.homes.bg/api/offers??currencyId=1&filterOrderBy=0&locationId=0&typeId=LandAgro,homes.bg,2176,2025-01-13,24387,,,,
"Земеделска земя, 5000m²","Категория 4, Ливада",80000.0,EUR,False, продажба,,Батак,гр.Батак,,,,https://homes.bg/offer/zemya-za-prodazhba/zemedelska-zemya-5000m2-batak-gr.batak/la25700,6.0,2025-01-13 18:03:45.485924,https://www.homes.bg/api/offers??currencyId=1&filterOrderBy=0&locationId=0&typeId=LandAgro,homes.bg,2176,2025-01-13,25700,,,,
"Земеделска земя, 13091m²","Категория 5, Гора",19000.0,ЛЕВА,False, продажба,,Първомай,гр.Първомай,,,,https://homes.bg/offer/zemya-za-prodazhba/zemedelska-zemya-13091m2-pyrvomaj-gr.pyrvomaj/la24075,0.0,2025-01-13 18:03:45.485938,https://www.homes.bg/api/offers??currencyId=1&filterOrderBy=0&locationId=0&typeId=LandAgro,homes.bg,2176,2025-01-13,24075,,,,
"Земеделска земя, 2904m²","Категория 7, Ливада",130680.0,ЛЕВА,False, продажба,,Батак,гр.Батак,,,,https://homes.bg/offer/zemya-za-prodazhba/zemedelska-zemya-2904m2-batak-gr.batak/la22281,2.0,2025-01-13 18:03:45.485953,https://www.homes.bg/api/offers??currencyId=1&filterOrderBy=0&locationId=0&typeId=LandAgro,homes.bg,2176,2025-01-13,22281,,,,
"Земеделска земя, 4423m²","Категория 7, Ливада",199035.0,ЛЕВА,False, продажба,,Батак,гр.Батак,,,,https://homes.bg/offer/zemya-za-prodazhba/zemedelska-zemya-4423m2-batak-gr.batak/la22282,3.0,2025-01-13 18:03:45.485968,https://www.homes.bg/api/offers??currencyId=1&filterOrderBy=0&locationId=0&typeId=LandAgro,homes.bg,2176,2025-01-13,22282,,,,
"Земеделска земя, 3538m²","Категория 8, Ливада",36500.0,ЛЕВА,False, продажба,,Батак,гр.Батак,,,,https://homes.bg/offer/zemya-za-prodazhba/zemedelska-zemya-3538m2-batak-gr.batak/la22543,0.0,2025-01-13 18:03:45.485981,https://www.homes.bg/api/offers??currencyId=1&filterOrderBy=0&locationId=0&typeId=LandAgro,homes.bg,2176,2025-01-13,22543,,,,
"Земеделска земя, 71682m²","Категория 6, Друго",1290276.0,ЛЕВА,False, продажба,,Марица,с.Труд,,,,https://homes.bg/offer/zemya-za-prodazhba/zemedelska-zemya-71682m2-marica-s.trud/la24795,0.0,2025-01-13 18:03:45.485994,https://www.homes.bg/api/offers??currencyId=1&filterOrderBy=0&locationId=0&typeId=LandAgro,homes.bg,2176,2025-01-13,24795,,,,
"Земеделска земя, 9885m²",,17000.0,EUR,False, продажба,,Стара Загора,с.Богомилово,,,,https://homes.bg/offer/zemya-za-prodazhba/zemedelska-zemya-9885m2-stara-zagora-s.bogomilovo/la34290,1.0,2025-01-13 18:03:45.486008,https://www.homes.bg/api/offers??currencyId=1&filterOrderBy=0&locationId=0&typeId=LandAgro,homes.bg,2176,2025-01-13,34290,,,,
"Земеделска земя, 10734m²","Категория 4, Нива",60000.0,EUR,False, продажба,,Пловдив,гр.Садово,,,,https://homes.bg/offer/zemya-za-prodazhba/zemedelska-zemya-10734m2-plovdiv-gr.sadovo/la34333,3.0,2025-01-13 18:03:45.486023,https://www.homes.bg/api/offers??currencyId=1&filterOrderBy=0&locationId=0&typeId=LandAgro,homes.bg,2176,2025-01-13,34333,,,,
"Земеделска земя, 2506m²","Категория 5, Нива",112770.0,EUR,False, продажба,,Пловдив,с.Брестовица,,,,https://homes.bg/offer/zemya-za-prodazhba/zemedelska-zemya-2506m2-plovdiv-s.brestovica/la24344,3.0,2025-01-13 18:03:45.486039,https://www.homes.bg/api/offers??currencyId=1&filterOrderBy=0&locationId=0&typeId=LandAgro,homes.bg,2176,2025-01-13,24344,,,,
"Земеделска земя, 10000m²",Друго,31000.0,EUR,False, продажба,,Бургас,гр.Каблешково,,,,https://homes.bg/offer/zemya-za-prodazhba/zemedelska-zemya-10000m2-burgas-gr.kableshkovo/la25193,4.0,2025-01-13 18:03:45.486057,https://www.homes.bg/api/offers??currencyId=1&filterOrderBy=0&locationId=0&typeId=LandAgro,homes.bg,2176,2025-01-13,25193,,,,
"Земеделска земя, 6000m²",Друго,16000.0,EUR,False, продажба,,Бургас,гр.Поморие,,,,https://homes.bg/offer/zemya-za-prodazhba/zemedelska-zemya-6000m2-burgas-gr.pomorie/la25246,3.0,2025-01-13 18:03:45.486071,https://www.homes.bg/api/offers??currencyId=1&filterOrderBy=0&locationId=0&typeId=LandAgro,homes.bg,2176,2025-01-13,25246,,,,
"Земеделска земя, 3003m²","Категория 5, Нива",108900.0,EUR,False, продажба,,Благоевград, Първа Промишлена Зона,,,,https://homes.bg/offer/zemya-za-prodazhba/zemedelska-zemya-3003m2-blagoevgrad-pyrva-promishlena-zona/la33611,3.0,2025-01-13 18:03:45.486086,https://www.homes.bg/api/offers??currencyId=1&filterOrderBy=0&locationId=0&typeId=LandAgro,homes.bg,2176,2025-01-13,33611,,,,
"Земеделска земя, 12029m²","Категория 8, Нива",162390.0,EUR,False, продажба,,Koчериново,с.Бараково,,,,https://homes.bg/offer/zemya-za-prodazhba/zemedelska-zemya-12029m2-kocherinovo-s.barakovo/la33613,3.0,2025-01-13 18:03:45.486101,https://www.homes.bg/api/offers??currencyId=1&filterOrderBy=0&locationId=0&typeId=LandAgro,homes.bg,2176,2025-01-13,33613,,,,
"Земеделска земя, 47000m²",Друго,70000.0,EUR,False, продажба,,Пловдив,с.Розино,,,,https://homes.bg/offer/zemya-za-prodazhba/zemedelska-zemya-47000m2-plovdiv-s.rozino/la22497,1.0,2025-01-13 18:03:45.486114,https://www.homes.bg/api/offers??currencyId=1&filterOrderBy=0&locationId=0&typeId=LandAgro,homes.bg,2176,2025-01-13,22497,,,,
"Земеделска земя, 3670m²",,55050.0,EUR,False, продажба,,Бургас,Бургас,,,,https://homes.bg/offer/zemya-za-prodazhba/zemedelska-zemya-3670m2-burgas-burgas/la25178,2.0,2025-01-13 18:03:45.486127,https://www.homes.bg/api/offers??currencyId=1&filterOrderBy=0&locationId=0&typeId=LandAgro,homes.bg,2176,2025-01-13,25178,,,,
"Земеделска земя, 2000m²","Категория 9, Гора",40000.0,ЛЕВА,False, продажба,,Кърджали,с.Опълченско,,,,https://homes.bg/offer/zemya-za-prodazhba/zemedelska-zemya-2000m2-kyrdzhali-s.opylchensko/la22792,1.0,2025-01-13 18:03:45.486140,https://www.homes.bg/api/offers??currencyId=1&filterOrderBy=0&locationId=0&typeId=LandAgro,homes.bg,2176,2025-01-13,22792,,,,
"Земеделска земя, 3237m²","Категория 8, Нива",129480.0,ЛЕВА,False, продажба,,Кърджали,с.Дъждино,,,,https://homes.bg/offer/zemya-za-prodazhba/zemedelska-zemya-3237m2-kyrdzhali-s.dyzhdino/la22761,3.0,2025-01-13 18:03:45.486154,https://www.homes.bg/api/offers??currencyId=1&filterOrderBy=0&locationId=0&typeId=LandAgro,homes.bg,2176,2025-01-13,22761,,,,
"Земеделска земя, 3000m²","Категория 7, Нива",90000.0,ЛЕВА,False, продажба,,Кърджали,с.Пепелище,,,,https://homes.bg/offer/zemya-za-prodazhba/zemedelska-zemya-3000m2-kyrdzhali-s.pepelishte/la22762,3.0,2025-01-13 18:03:45.486167,https://www.homes.bg/api/offers??currencyId=1&filterOrderBy=0&locationId=0&typeId=LandAgro,homes.bg,2176,2025-01-13,22762,,,,
"Земеделска земя, 1516m²","Категория 9, Нива",32000.0,ЛЕВА,False, продажба,,Кърджали,с.Опълченско,,,,https://homes.bg/offer/zemya-za-prodazhba/zemedelska-zemya-1516m2-kyrdzhali-s.opylchensko/la34475,1.0,2025-01-13 18:03:45.486180,https://www.homes.bg/api/offers??currencyId=1&filterOrderBy=0&locationId=0&typeId=LandAgro,homes.bg,2176,2025-01-13,34475,,,,
"Земеделска земя, 5300m²","Категория 4, Нива",32000.0,ЛЕВА,False, продажба,,Варна,гр.Бяла,,,,https://homes.bg/offer/zemya-za-prodazhba/zemedelska-zemya-5300m2-varna-gr.byala/la34337,2.0,2025-01-13 18:03:45.486194,https://www.homes.bg/api/offers??currencyId=1&filterOrderBy=0&locationId=0&typeId=LandAgro,homes.bg,2176,2025-01-13,34337,,,,
"Земеделска земя, 1999m²",,19990.0,EUR,False, продажба,,Пловдив,с.Красново,,,,https://homes.bg/offer/zemya-za-prodazhba/zemedelska-zemya-1999m2-plovdiv-s.krasnovo/la34408,1.0,2025-01-13 18:03:45.486207,https://www.homes.bg/api/offers??currencyId=1&filterOrderBy=0&locationId=0&typeId=LandAgro,homes.bg,2176,2025-01-13,34408,,,,
"Земеделска земя, 1270000m²","Категория 7, Нива",1270000.0,ЛЕВА,False, продажба,,Стара Загора,с.Змейово,,,,https://homes.bg/offer/zemya-za-prodazhba/zemedelska-zemya-1270000m2-stara-zagora-s.zmejovo/la15089,0.0,2025-01-13 18:03:45.486219,https://www.homes.bg/api/offers??currencyId=1&filterOrderBy=0&locationId=0&typeId=LandAgro,homes.bg,2176,2025-01-13,15089,,,,
"Земеделска земя, 1077m²","Категория 9, Овощна градина",7500.0,ЛЕВА,False, продажба,,Асеновград,гр.Асеновград,,,,https://homes.bg/offer/zemya-za-prodazhba/zemedelska-zemya-1077m2-asenovgrad-gr.asenovgrad/la22859,1.0,2025-01-13 18:03:45.486233,https://www.homes.bg/api/offers??currencyId=1&filterOrderBy=0&locationId=0&typeId=LandAgro,homes.bg,2176,2025-01-13,22859,,,,
"Земеделска земя, 3001m²",Друго,237079.0,EUR,False, продажба,,София -,с.Бистрица,,,,https://homes.bg/offer/zemya-za-prodazhba/zemedelska-zemya-3001m2-sofiya---grad-s.bistrica/la34040,1.0,2025-01-13 18:03:45.486277,https://www.homes.bg/api/offers??currencyId=1&filterOrderBy=0&locationId=0&typeId=LandAgro,homes.bg,2176,2025-01-13,34040,,,,
"Земеделска земя, 4500m²",Друго,54000.0,EUR,False, продажба,,Софийска,с.Столник,,,,https://homes.bg/offer/zemya-za-prodazhba/zemedelska-zemya-4500m2-sofijska-s.stolnik/la34690,1.0,2025-01-13 18:03:45.486293,https://www.homes.bg/api/offers??currencyId=1&filterOrderBy=0&locationId=0&typeId=LandAgro,homes.bg,2176,2025-01-13,34690,,,,
"Земеделска земя, 1228m²",Друго,98240.0,EUR,False, продажба,,София -,с.Железница,,,,https://homes.bg/offer/zemya-za-prodazhba/zemedelska-zemya-1228m2-sofiya---grad-s.zheleznica/la34457,1.0,2025-01-13 18:03:45.486306,https://www.homes.bg/api/offers??currencyId=1&filterOrderBy=0&locationId=0&typeId=LandAgro,homes.bg,2176,2025-01-13,34457,,,,
"Земеделска земя, 10238m²",Друго,296902.0,EUR,False, продажба,,София -,с.Железница,,,,https://homes.bg/offer/zemya-za-prodazhba/zemedelska-zemya-10238m2-sofiya---grad-s.zheleznica/la34456,1.0,2025-01-13 18:03:45.486321,https://www.homes.bg/api/offers??currencyId=1&filterOrderBy=0&locationId=0&typeId=LandAgro,homes.bg,2176,2025-01-13,34456,,,,
"Земеделска земя, 5000m²","Категория 3, Нива",100000.0,EUR,False, продажба,,Поморие,с.Ахелой,,,,https://homes.bg/offer/zemya-za-prodazhba/zemedelska-zemya-5000m2-pomorie-s.aheloj/la24983,3.0,2025-01-13 18:03:45.486337,https://www.homes.bg/api/offers??currencyId=1&filterOrderBy=0&locationId=0&typeId=LandAgro,homes.bg,2176,2025-01-13,24983,,,,
"Земеделска земя, 2800m²","Категория 4, Лозе",8300.0,ЛЕВА,False, продажба,,Перущица,гр.Перущица,,,,https://homes.bg/offer/zemya-za-prodazhba/zemedelska-zemya-2800m2-perushtica-gr.perushtica/la33921,5.0,2025-01-13 18:03:45.486353,https://www.homes.bg/api/offers??currencyId=1&filterOrderBy=0&locationId=0&typeId=LandAgro,homes.bg,2176,2025-01-13,33921,,,,
"Земеделска земя, 9900m²","Категория 4, Лозе",28000.0,ЛЕВА,False, продажба,,Перущица,гр.Перущица,,,,https://homes.bg/offer/zemya-za-prodazhba/zemedelska-zemya-9900m2-perushtica-gr.perushtica/la34295,0.0,2025-01-13 18:03:45.486367,https://www.homes.bg/api/offers??currencyId=1&filterOrderBy=0&locationId=0&typeId=LandAgro,homes.bg,2176,2025-01-13,34295,,,,
"Земеделска земя, 2800m²","Категория 4, Лозе",8300.0,ЛЕВА,False, продажба,,Перущица,гр.Перущица,,,,https://homes.bg/offer/zemya-za-prodazhba/zemedelska-zemya-2800m2-perushtica-gr.perushtica/la33922,5.0,2025-01-13 18:03:45.486382,https://www.homes.bg/api/offers??currencyId=1&filterOrderBy=0&locationId=0&typeId=LandAgro,homes.bg,2176,2025-01-13,33922,,,,
"Земеделска земя, 82000m²",Нива,656000.0,EUR,False, продажба,,Варна,с.Юнец,,,,https://homes.bg/offer/zemya-za-prodazhba/zemedelska-zemya-82000m2-varna-s.junec/la34452,4.0,2025-01-13 18:03:45.486398,https://www.homes.bg/api/offers??currencyId=1&filterOrderBy=0&locationId=0&typeId=LandAgro,homes.bg,2176,2025-01-13,34452,,,,
"Земеделска земя, 3202m²",Нива,192120.0,EUR,False, продажба,,Пловдив,жк. Христо Смирненски,,,,https://homes.bg/offer/zemya-za-prodazhba/zemedelska-zemya-3202m2-plovdiv-zhk.-hristo-smirnenski/la34434,2.0,2025-01-13 18:03:45.486412,https://www.homes.bg/api/offers??currencyId=1&filterOrderBy=0&locationId=0&typeId=LandAgro,homes.bg,2176,2025-01-13,34434,,,,
"Земеделска земя, 2250m²",Друго,59000.0,EUR,False, продажба,,Софийска,с.Равно Поле,,,,https://homes.bg/offer/zemya-za-prodazhba/zemedelska-zemya-2250m2-sofijska-s.ravno-pole/la34028,1.0,2025-01-13 18:03:45.486424,https://www.homes.bg/api/offers??currencyId=1&filterOrderBy=0&locationId=0&typeId=LandAgro,homes.bg,2176,2025-01-13,34028,,,,
"Земеделска земя, 11537m²",,80759.0,EUR,False, продажба,,Пловдив,с.Красново,,,,https://homes.bg/offer/zemya-za-prodazhba/zemedelska-zemya-11537m2-plovdiv-s.krasnovo/la34409,1.0,2025-01-13 18:03:45.486439,https://www.homes.bg/api/offers??currencyId=1&filterOrderBy=0&locationId=0&typeId=LandAgro,homes.bg,2176,2025-01-13,34409,,,,
"Земеделска земя, 1000m²",,15500.0,EUR,False, продажба,,Благоевград,с.Покровник,,,,https://homes.bg/offer/zemya-za-prodazhba/zemedelska-zemya-1000m2-blagoevgrad-s.pokrovnik/la34402,1.0,2025-01-13 18:03:45.486451,https://www.homes.bg/api/offers??currencyId=1&filterOrderBy=0&locationId=0&typeId=LandAgro,homes.bg,2176,2025-01-13,34402,,,,
"Земеделска земя, 10000m²",Нива,120000.0,EUR,False, продажба,,Пловдив,с.Ягодово,,,,https://homes.bg/offer/zemya-za-prodazhba/zemedelska-zemya-10000m2-plovdiv-s.yagodovo/la34415,1.0,2025-01-13 18:03:45.486462,https://www.homes.bg/api/offers??currencyId=1&filterOrderBy=0&locationId=0&typeId=LandAgro,homes.bg,2176,2025-01-13,34415,,,,
"Земеделска земя, 8000m²",,136000.0,EUR,False, продажба,,Хасково, Северна Индустриална Зона,,,,https://homes.bg/offer/zemya-za-prodazhba/zemedelska-zemya-8000m2-haskovo-severna-industrialna-zona/la34176,1.0,2025-01-13 18:03:45.486472,https://www.homes.bg/api/offers??currencyId=1&filterOrderBy=0&locationId=0&typeId=LandAgro,homes.bg,2176,2025-01-13,34176,,,,
"Земеделска земя, 8498m²","Категория 5, Нива",101976.0,EUR,False, продажба,,Пловдив,с.Царацово,,,,https://homes.bg/offer/zemya-za-prodazhba/zemedelska-zemya-8498m2-plovdiv-s.caracovo/la33783,1.0,2025-01-13 18:03:45.486484,https://www.homes.bg/api/offers??currencyId=1&filterOrderBy=0&locationId=0&typeId=LandAgro,homes.bg,2176,2025-01-13,33783,,,,
"Земеделска земя, 22475m²",Нива,269700.0,EUR,False, продажба,,Пловдив,с.Царацово,,,,https://homes.bg/offer/zemya-za-prodazhba/zemedelska-zemya-22475m2-plovdiv-s.caracovo/la23259,4.0,2025-01-13 18:03:45.486496,https://www.homes.bg/api/offers??currencyId=1&filterOrderBy=0&locationId=0&typeId=LandAgro,homes.bg,2176,2025-01-13,23259,,,,
"Земеделска земя, 1092m²","Категория 5, Нива",37500.0,ЛЕВА,False, продажба,,Марица,с.Труд,,,,https://homes.bg/offer/zemya-za-prodazhba/zemedelska-zemya-1092m2-marica-s.trud/la34460,0.0,2025-01-13 18:03:45.486506,https://www.homes.bg/api/offers??currencyId=1&filterOrderBy=0&locationId=0&typeId=LandAgro,homes.bg,2176,2025-01-13,34460,,,,
"Земеделска земя, 1030m²",,36000.0,EUR,False, продажба,,Пловдив,гр.Асеновград,,,,https://homes.bg/offer/zemya-za-prodazhba/zemedelska-zemya-1030m2-plovdiv-gr.asenovgrad/la34248,1.0,2025-01-13 18:03:45.486517,https://www.homes.bg/api/offers??currencyId=1&filterOrderBy=0&locationId=0&typeId=LandAgro,homes.bg,2176,2025-01-13,34248,,,,
"Земеделска земя, 330m²","Категория 9, Лозе",8200.0,ЛЕВА,False, продажба,,Благоевград,жк. Баларбаши,,,,https://homes.bg/offer/zemya-za-prodazhba/zemedelska-zemya-330m2-blagoevgrad-zhk.-balarbashi/la25048,5.0,2025-01-13 18:03:45.486530,https://www.homes.bg/api/offers??currencyId=1&filterOrderBy=0&locationId=0&typeId=LandAgro,homes.bg,2176,2025-01-13,25048,,,,
"Земеделска земя, 1941m²",Друго,155280.0,EUR,False, продажба,,София -,с.Железница,,,,https://homes.bg/offer/zemya-za-prodazhba/zemedelska-zemya-1941m2-sofiya---grad-s.zheleznica/la34458,1.0,2025-01-13 18:03:45.486543,https://www.homes.bg/api/offers??currencyId=1&filterOrderBy=0&locationId=0&typeId=LandAgro,homes.bg,2176,2025-01-13,34458,,,,
"Земеделска земя, 9154m²","Категория 5, Нива",0.0,EUR,False, продажба,,Пазарджик,с.Звъничево,,,,https://homes.bg/offer/zemya-za-prodazhba/zemedelska-zemya-9154m2-pazardzhik-s.zvynichevo/la34453,2.0,2025-01-13 18:03:45.486555,https://www.homes.bg/api/offers??currencyId=1&filterOrderBy=0&locationId=0&typeId=LandAgro,homes.bg,2176,2025-01-13,34453,,,,
"Земеделска земя, 1318m²",Друго,23725.0,EUR,False, продажба,,Бургас,с.Ахелой,,,,https://homes.bg/offer/zemya-za-prodazhba/zemedelska-zemya-1318m2-burgas-s.aheloj/la25179,4.0,2025-01-13 18:03:45.486567,https://www.homes.bg/api/offers??currencyId=1&filterOrderBy=0&locationId=0&typeId=LandAgro,homes.bg,2176,2025-01-13,25179,,,,
"Земеделска земя, 1180m²",Нива,109990.0,EUR,False, продажба,,Варна,м-т Перчемлия,,,,https://homes.bg/offer/zemya-za-prodazhba/zemedelska-zemya-1180m2-varna-m-t-perchemliya/la34447,2.0,2025-01-13 18:03:45.486578,https://www.homes.bg/api/offers??currencyId=1&filterOrderBy=0&locationId=0&typeId=LandAgro,homes.bg,2176,2025-01-13,34447,,,,
"Земеделска земя, 17997m²",Нива,240000.0,EUR,False, продажба,,София,кв. Бояна,,,,https://homes.bg/offer/zemya-za-prodazhba/zemedelska-zemya-17997m2-sofiya-kv.-boyana/la25259,1.0,2025-01-13 18:03:45.486589,https://www.homes.bg/api/offers??currencyId=1&filterOrderBy=0&locationId=0&typeId=LandAgro,homes.bg,2176,2025-01-13,25259,,,,
"Земеделска земя, 11247m²",Нива,134970.0,EUR,False, продажба,,Пловдив,с.Крумово,,,,https://homes.bg/offer/zemya-za-prodazhba/zemedelska-zemya-11247m2-plovdiv-s.krumovo/la34414,1.0,2025-01-13 18:03:45.486599,https://www.homes.bg/api/offers??currencyId=1&filterOrderBy=0&locationId=0&typeId=LandAgro,homes.bg,2176,2025-01-13,34414,,,,
"Земеделска земя, 20000m²","Категория 9, Лозе",200000.0,EUR,False, продажба,,Бургас, Банево,,,,https://homes.bg/offer/zemya-za-prodazhba/zemedelska-zemya-20000m2-burgas-banevo/la21542,5.0,2025-01-13 18:03:45.486613,https://www.homes.bg/api/offers??currencyId=1&filterOrderBy=0&locationId=0&typeId=LandAgro,homes.bg,2176,2025-01-13,21542,,,,
"Земеделска земя, 6391m²","Категория 4, Нива",14000.0,ЛЕВА,False, продажба,,Асеновград,гр.Асеновград,,,,https://homes.bg/offer/zemya-za-prodazhba/zemedelska-zemya-6391m2-asenovgrad-gr.asenovgrad/la24753,2.0,2025-01-13 18:03:45.486624,https://www.homes.bg/api/offers??currencyId=1&filterOrderBy=0&locationId=0&typeId=LandAgro,homes.bg,2176,2025-01-13,24753,,,,
"Земеделска земя, 4402m²","Категория 10, Пасище",11000.0,ЛЕВА,False, продажба,,Поморие,гр.Каблешково,,,,https://homes.bg/offer/zemya-za-prodazhba/zemedelska-zemya-4402m2-pomorie-gr.kableshkovo/la34451,0.0,2025-01-13 18:03:45.486635,https://www.homes.bg/api/offers??currencyId=1&filterOrderBy=0&locationId=0&typeId=LandAgro,homes.bg,2176,2025-01-13,34451,,,,
"Земеделска земя, 26958m²",,340000.0,EUR,False, продажба,,Пловдив,с.Цалапица,,,,https://homes.bg/offer/zemya-za-prodazhba/zemedelska-zemya-26958m2-plovdiv-s.calapica/la33954,1.0,2025-01-13 18:03:45.486646,https://www.homes.bg/api/offers??currencyId=1&filterOrderBy=0&locationId=0&typeId=LandAgro,homes.bg,2176,2025-01-13,33954,,,,
"Земеделска земя, 3055m²",,122200.0,EUR,False, продажба,,Софийска,с.Пролеша,,,,https://homes.bg/offer/zemya-za-prodazhba/zemedelska-zemya-3055m2-sofijska-s.prolesha/la34448,1.0,2025-01-13 18:03:45.486657,https://www.homes.bg/api/offers??currencyId=1&filterOrderBy=0&locationId=0&typeId=LandAgro,homes.bg,2176,2025-01-13,34448,,,,
"Земеделска земя, 1595m²",,63800.0,EUR,False, продажба,,Софийска,с.Хераково,,,,https://homes.bg/offer/zemya-za-prodazhba/zemedelska-zemya-1595m2-sofijska-s.herakovo/la34449,1.0,2025-01-13 18:03:45.486667,https://www.homes.bg/api/offers??currencyId=1&filterOrderBy=0&locationId=0&typeId=LandAgro,homes.bg,2176,2025-01-13,34449,,,,
"Земеделска земя, 1040m²",Нива,31200.0,EUR,False, продажба,,Пловдив,с.Бойково,,,,https://homes.bg/offer/zemya-za-prodazhba/zemedelska-zemya-1040m2-plovdiv-s.bojkovo/la34435,1.0,2025-01-13 18:03:45.486678,https://www.homes.bg/api/offers??currencyId=1&filterOrderBy=0&locationId=0&typeId=LandAgro,homes.bg,2176,2025-01-13,34435,,,,
"Земеделска земя, 6911m²","Категория 4, Нива",56000.0,EUR,False, продажба,,Софийска,с.Петърч,,,,https://homes.bg/offer/zemya-za-prodazhba/zemedelska-zemya-6911m2-sofijska-s.petyrch/la34428,2.0,2025-01-13 18:03:45.486690,https://www.homes.bg/api/offers??currencyId=1&filterOrderBy=0&locationId=0&typeId=LandAgro,homes.bg,2176,2025-01-13,34428,,,,
"Земеделска земя, 7499m²",Нива,26000.0,EUR,False, продажба,,Софийска,с.Храбърско,,,,https://homes.bg/offer/zemya-za-prodazhba/zemedelska-zemya-7499m2-sofijska-s.hrabyrsko/la34429,2.0,2025-01-13 18:03:45.486701,https://www.homes.bg/api/offers??currencyId=1&filterOrderBy=0&locationId=0&typeId=LandAgro,homes.bg,2176,2025-01-13,34429,,,,
"Земеделска земя, 5300m²",,132500.0,EUR,False, продажба,,Пловдив, Индустриална зона - Изток,,,,https://homes.bg/offer/zemya-za-prodazhba/zemedelska-zemya-5300m2-plovdiv-industrialna-zona---iztok/la34439,3.0,2025-01-13 18:03:45.486712,https://www.homes.bg/api/offers??currencyId=1&filterOrderBy=0&locationId=0&typeId=LandAgro,homes.bg,2176,2025-01-13,34439,,,,
"Земеделска земя, 3004m²",,92000.0,ЛЕВА,False, продажба,,Благоевград, Първа Промишлена Зона,,,,https://homes.bg/offer/zemya-za-prodazhba/zemedelska-zemya-3004m2-blagoevgrad-pyrva-promishlena-zona/la33750,1.0,2025-01-13 18:03:45.486724,https://www.homes.bg/api/offers??currencyId=1&filterOrderBy=0&locationId=0&typeId=LandAgro,homes.bg,2176,2025-01-13,33750,,,,
"Земеделска земя, 3413m²",,85000.0,EUR,False, продажба,,Пловдив,с.Бенковски,,,,https://homes.bg/offer/zemya-za-prodazhba/zemedelska-zemya-3413m2-plovdiv-s.benkovski/la34405,2.0,2025-01-13 18:03:45.486735,https://www.homes.bg/api/offers??currencyId=1&filterOrderBy=0&locationId=0&typeId=LandAgro,homes.bg,2176,2025-01-13,34405,,,,
"Земеделска земя, 4862m²",Нива,121550.0,EUR,False, продажба,,Пловдив,гр.Асеновград,,,,https://homes.bg/offer/zemya-za-prodazhba/zemedelska-zemya-4862m2-plovdiv-gr.asenovgrad/la34427,1.0,2025-01-13 18:03:45.486745,https://www.homes.bg/api/offers??currencyId=1&filterOrderBy=0&locationId=0&typeId=LandAgro,homes.bg,2176,2025-01-13,34427,,,,
"Земеделска земя, 4102m²",Друго,12200.0,EUR,False, продажба,,Перник,с.Друган,,,,https://homes.bg/offer/zemya-za-prodazhba/zemedelska-zemya-4102m2-pernik-s.drugan/la34102,7.0,2025-01-13 18:03:45.486759,https://www.homes.bg/api/offers??currencyId=1&filterOrderBy=0&locationId=0&typeId=LandAgro,homes.bg,2176,2025-01-13,34102,,,,
"Земеделска земя, 2000m²","Категория 10, Нива",0.0,EUR,False, продажба,,Стара Загора,с.Остра Могила,,,,https://homes.bg/offer/zemya-za-prodazhba/zemedelska-zemya-2000m2-stara-zagora-s.ostra-mogila/la34424,1.0,2025-01-13 18:03:45.486770,https://www.homes.bg/api/offers??currencyId=1&filterOrderBy=0&locationId=0&typeId=LandAgro,homes.bg,2176,2025-01-13,34424,,,,
"Земеделска земя, 1500m²",Друго,118500.0,EUR,False, продажба,,София -,с.Бистрица,,,,https://homes.bg/offer/zemya-za-prodazhba/zemedelska-zemya-1500m2-sofiya---grad-s.bistrica/la34041,1.0,2025-01-13 18:03:45.486781,https://www.homes.bg/api/offers??currencyId=1&filterOrderBy=0&locationId=0&typeId=LandAgro,homes.bg,2176,2025-01-13,34041,,,,
"Земеделска земя, 5376m²",,31999.0,EUR,False, продажба,,Варна,с.Звездица,,,,https://homes.bg/offer/zemya-za-prodazhba/zemedelska-zemya-5376m2-varna-s.zvezdica/la34422,1.0,2025-01-13 18:03:45.486792,https://www.homes.bg/api/offers??currencyId=1&filterOrderBy=0&locationId=0&typeId=LandAgro,homes.bg,2176,2025-01-13,34422,,,,
"Земеделска земя, 1200m²",,30000.0,EUR,False, продажба,,Пловдив,с.Брестник,,,,https://homes.bg/offer/zemya-za-prodazhba/zemedelska-zemya-1200m2-plovdiv-s.brestnik/la34379,1.0,2025-01-13 18:03:48.287937,https://www.homes.bg/api/offers??currencyId=1&filterOrderBy=0&locationId=0&typeId=LandAgro,homes.bg,2176,2025-01-13,34379,,,,
"Земеделска земя, 6017m²",,74400.0,ЛЕВА,False, продажба,,Благоевград,с.Полето,,,,https://homes.bg/offer/zemya-za-prodazhba/zemedelska-zemya-6017m2-blagoevgrad-s.poleto/la33543,1.0,2025-01-13 18:03:48.287993,https://www.homes.bg/api/offers??currencyId=1&filterOrderBy=0&locationId=0&typeId=LandAgro,homes.bg,2176,2025-01-13,33543,,,,
"Земеделска земя, 1800m²",Друго,33000.0,EUR,False, продажба,,Пазарджик,яз.Батак,,,,https://homes.bg/offer/zemya-za-prodazhba/zemedelska-zemya-1800m2-pazardzhik-yaz.batak/la25154,5.0,2025-01-13 18:03:48.288019,https://www.homes.bg/api/offers??currencyId=1&filterOrderBy=0&locationId=0&typeId=LandAgro,homes.bg,2176,2025-01-13,25154,,,,
"Земеделска земя, 11927m²",Нива,596350.0,EUR,False, продажба,,Пловдив, Индустриална зона - Юг,,,,https://homes.bg/offer/zemya-za-prodazhba/zemedelska-zemya-11927m2-plovdiv-industrialna-zona---jug/la22705,7.0,2025-01-13 18:03:48.288042,https://www.homes.bg/api/offers??currencyId=1&filterOrderBy=0&locationId=0&typeId=LandAgro,homes.bg,2176,2025-01-13,22705,,,,
"Земеделска земя, 2185m²","Категория 4, Нива",43000.0,EUR,False, продажба,,Софийска,гр.Елин Пелин,,,,https://homes.bg/offer/zemya-za-prodazhba/zemedelska-zemya-2185m2-sofijska-gr.elin-pelin/la25180,6.0,2025-01-13 18:03:48.288062,https://www.homes.bg/api/offers??currencyId=1&filterOrderBy=0&locationId=0&typeId=LandAgro,homes.bg,2176,2025-01-13,25180,,,,
"Земеделска земя, 1692m²",Друго,22000.0,EUR,False, продажба,,Пазарджик,гр.Ракитово,,,,https://homes.bg/offer/zemya-za-prodazhba/zemedelska-zemya-1692m2-pazardzhik-gr.rakitovo/la25153,3.0,2025-01-13 18:03:48.288080,https://www.homes.bg/api/offers??currencyId=1&filterOrderBy=0&locationId=0&typeId=LandAgro,homes.bg,2176,2025-01-13,25153,,,,
"Земеделска земя, 1799m²",,107940.0,EUR,False, продажба,,Пловдив,с.Белащица,,,,https://homes.bg/offer/zemya-za-prodazhba/zemedelska-zemya-1799m2-plovdiv-s.belashtica/la34121,1.0,2025-01-13 18:03:48.288095,https://www.homes.bg/api/offers??currencyId=1&filterOrderBy=0&locationId=0&typeId=LandAgro,homes.bg,2176,2025-01-13,34121,,,,
"Земеделска земя, 16000m²",,480000.0,EUR,False, продажба,,Пловдив,с.Труд,,,,https://homes.bg/offer/zemya-za-prodazhba/zemedelska-zemya-16000m2-plovdiv-s.trud/la33546,4.0,2025-01-13 18:03:48.288111,https://www.homes.bg/api/offers??currencyId=1&filterOrderBy=0&locationId=0&typeId=LandAgro,homes.bg,2176,2025-01-13,33546,,,,
"Земеделска земя, 14936m²","Категория 8, Гора",45000.0,EUR,False, продажба,,Ловеч,с.Рибарица,,,,https://homes.bg/offer/zemya-za-prodazhba/zemedelska-zemya-14936m2-lovech-s.ribarica/la34410,3.0,2025-01-13 18:03:48.288126,https://www.homes.bg/api/offers??currencyId=1&filterOrderBy=0&locationId=0&typeId=LandAgro,homes.bg,2176,2025-01-13,34410,,,,
"Земеделска земя, 9000m²","Категория 10, Нива",306000.0,EUR,False, продажба,,Пловдив, Индустриална зона - Север,,,,https://homes.bg/offer/zemya-za-prodazhba/zemedelska-zemya-9000m2-plovdiv-industrialna-zona---sever/la33755,1.0,2025-01-13 18:03:48.288141,https://www.homes.bg/api/offers??currencyId=1&filterOrderBy=0&locationId=0&typeId=LandAgro,homes.bg,2176,2025-01-13,33755,,,,
"Земеделска земя, 3230m²",Друго,120000.0,EUR,False, продажба,,Смолян,,,,,https://homes.bg/offer/zemya-za-prodazhba/zemedelska-zemya-3230m2-smolyan-/la34393,5.0,2025-01-13 18:03:48.288158,https://www.homes.bg/api/offers??currencyId=1&filterOrderBy=0&locationId=0&typeId=LandAgro,homes.bg,2176,2025-01-13,34393,,,,
"Земеделска земя, 3000m²",Друго,90000.0,EUR,False, продажба,,София -,с.Житен,,,,https://homes.bg/offer/zemya-za-prodazhba/zemedelska-zemya-3000m2-sofiya---grad-s.zhiten/la34417,1.0,2025-01-13 18:03:48.288174,https://www.homes.bg/api/offers??currencyId=1&filterOrderBy=0&locationId=0&typeId=LandAgro,homes.bg,2176,2025-01-13,34417,,,,
"Земеделска земя, 4700m²",Нива,200000.0,EUR,False, продажба,,Пловдив, Индустриална зона - Юг,,,,https://homes.bg/offer/zemya-za-prodazhba/zemedelska-zemya-4700m2-plovdiv-industrialna-zona---jug/la34403,1.0,2025-01-13 18:03:48.288189,https://www.homes.bg/api/offers??currencyId=1&filterOrderBy=0&locationId=0&typeId=LandAgro,homes.bg,2176,2025-01-13,34403,,,,
"Земеделска земя, 4333m²",Нива,52000.0,EUR,False, продажба,,Русе,Русе,,,,https://homes.bg/offer/zemya-za-prodazhba/zemedelska-zemya-4333m2-ruse-ruse/la34315,2.0,2025-01-13 18:03:48.288204,https://www.homes.bg/api/offers??currencyId=1&filterOrderBy=0&locationId=0&typeId=LandAgro,homes.bg,2176,2025-01-13,34315,,,,
"Земеделска земя, 720m²","Категория 6, Овощна градина",17000.0,EUR,False, продажба,,Кюстендил,с.Ресилово,,,,https://homes.bg/offer/zemya-za-prodazhba/zemedelska-zemya-720m2-kjustendil-s.resilovo/la33706,6.0,2025-01-13 18:03:48.288221,https://www.homes.bg/api/offers??currencyId=1&filterOrderBy=0&locationId=0&typeId=LandAgro,homes.bg,2176,2025-01-13,33706,,,,
"Земеделска земя, 3399m²",,169950.0,EUR,False, продажба,,Пловдив,с.Белащица,,,,https://homes.bg/offer/zemya-za-prodazhba/zemedelska-zemya-3399m2-plovdiv-s.belashtica/la34246,1.0,2025-01-13 18:03:48.288235,https://www.homes.bg/api/offers??currencyId=1&filterOrderBy=0&locationId=0&typeId=LandAgro,homes.bg,2176,2025-01-13,34246,,,,
"Земеделска земя, 10000m²","Категория 4, Нива",40000.0,EUR,False, продажба,,Родопи,с.Ягодово,,,,https://homes.bg/offer/zemya-za-prodazhba/zemedelska-zemya-10000m2-rodopi-s.yagodovo/la19979,3.0,2025-01-13 18:03:48.288250,https://www.homes.bg/api/offers??currencyId=1&filterOrderBy=0&locationId=0&typeId=LandAgro,homes.bg,2176,2025-01-13,19979,,,,
"Земеделска земя, 153000m²","Категория 6, Нива",0.0,EUR,False, продажба,,Велико Търново, Вилна Зона,,,,https://homes.bg/offer/zemya-za-prodazhba/zemedelska-zemya-153000m2-veliko-tyrnovo-vilna-zona/la22662,0.0,2025-01-13 18:03:48.288264,https://www.homes.bg/api/offers??currencyId=1&filterOrderBy=0&locationId=0&typeId=LandAgro,homes.bg,2176,2025-01-13,22662,,,,
"Земеделска земя, 12423m²","Категория 5, Нива",468000.0,EUR,False, продажба,,Пловдив, Индустриална зона - Север,,,,https://homes.bg/offer/zemya-za-prodazhba/zemedelska-zemya-12423m2-plovdiv-industrialna-zona---sever/la34395,5.0,2025-01-13 18:03:48.288282,https://www.homes.bg/api/offers??currencyId=1&filterOrderBy=0&locationId=0&typeId=LandAgro,homes.bg,2176,2025-01-13,34395,,,,
"Земеделска земя, 4590m²",Друго,45900.0,EUR,False, продажба,,Пловдив,с.Войводиново,,,,https://homes.bg/offer/zemya-za-prodazhba/zemedelska-zemya-4590m2-plovdiv-s.vojvodinovo/la34653,1.0,2025-01-13 18:03:48.288297,https://www.homes.bg/api/offers??currencyId=1&filterOrderBy=0&locationId=0&typeId=LandAgro,homes.bg,2176,2025-01-13,34653,,,,
"Земеделска земя, 16795m²","Категория 7, Нива",0.0,EUR,False, продажба,,София, Кокаляне,,,,https://homes.bg/offer/zemya-za-prodazhba/zemedelska-zemya-16795m2-sofiya-kokalyane/la33699,0.0,2025-01-13 18:03:48.288312,https://www.homes.bg/api/offers??currencyId=1&filterOrderBy=0&locationId=0&typeId=LandAgro,homes.bg,2176,2025-01-13,33699,,,,
"Земеделска земя, 3600m²",Нива,90000.0,EUR,False, продажба,,Пловдив,с.Цалапица,,,,https://homes.bg/offer/zemya-za-prodazhba/zemedelska-zemya-3600m2-plovdiv-s.calapica/la34391,1.0,2025-01-13 18:03:48.288327,https://www.homes.bg/api/offers??currencyId=1&filterOrderBy=0&locationId=0&typeId=LandAgro,homes.bg,2176,2025-01-13,34391,,,,
"Земеделска земя, 1203m²",Нива,36090.0,EUR,False, продажба,,Пловдив,с.Бойково,,,,https://homes.bg/offer/zemya-za-prodazhba/zemedelska-zemya-1203m2-plovdiv-s.bojkovo/la34385,1.0,2025-01-13 18:03:48.288340,https://www.homes.bg/api/offers??currencyId=1&filterOrderBy=0&locationId=0&typeId=LandAgro,homes.bg,2176,2025-01-13,34385,,,,
"Земеделска земя, 8932m²",Друго,149990.0,EUR,False, продажба,,Варна,с.Шкорпиловци,,,,https://homes.bg/offer/zemya-za-prodazhba/zemedelska-zemya-8932m2-varna-s.shkorpilovci/la23295,0.0,2025-01-13 18:03:48.288353,https://www.homes.bg/api/offers??currencyId=1&filterOrderBy=0&locationId=0&typeId=LandAgro,homes.bg,2176,2025-01-13,23295,,,,
"Земеделска земя, 3750m²",Друго,35000.0,EUR,False, продажба,,Бургас,с.Оризаре,,,,https://homes.bg/offer/zemya-za-prodazhba/zemedelska-zemya-3750m2-burgas-s.orizare/la34501,1.0,2025-01-13 18:03:48.288368,https://www.homes.bg/api/offers??currencyId=1&filterOrderBy=0&locationId=0&typeId=LandAgro,homes.bg,2176,2025-01-13,34501,,,,
"Земеделска земя, 1625m²",,67500.0,ЛЕВА,False, продажба,,Благоевград, Втора Промишлена Зона,,,,https://homes.bg/offer/zemya-za-prodazhba/zemedelska-zemya-1625m2-blagoevgrad-vtora-promishlena-zona/la24512,6.0,2025-01-13 18:03:48.288383,https://www.homes.bg/api/offers??currencyId=1&filterOrderBy=0&locationId=0&typeId=LandAgro,homes.bg,2176,2025-01-13,24512,,,,
"Земеделска земя, 3000m²",,18000.0,ЛЕВА,False, продажба,,Благоевград,с.Зелендол,,,,https://homes.bg/offer/zemya-za-prodazhba/zemedelska-zemya-3000m2-blagoevgrad-s.zelendol/la22753,2.0,2025-01-13 18:03:48.288398,https://www.homes.bg/api/offers??currencyId=1&filterOrderBy=0&locationId=0&typeId=LandAgro,homes.bg,2176,2025-01-13,22753,,,,
"Земеделска земя, 8001m²",,26000.0,ЛЕВА,False, продажба,,Благоевград,с.Бучино,,,,https://homes.bg/offer/zemya-za-prodazhba/zemedelska-zemya-8001m2-blagoevgrad-s.buchino/la23320,1.0,2025-01-13 18:03:48.288412,https://www.homes.bg/api/offers??currencyId=1&filterOrderBy=0&locationId=0&typeId=LandAgro,homes.bg,2176,2025-01-13,23320,,,,
"Земеделска земя, 3000m²",,150000.0,EUR,False, продажба,,Пловдив,кв. Прослав,,,,https://homes.bg/offer/zemya-za-prodazhba/zemedelska-zemya-3000m2-plovdiv-kv.-proslav/la34245,2.0,2025-01-13 18:03:48.288426,https://www.homes.bg/api/offers??currencyId=1&filterOrderBy=0&locationId=0&typeId=LandAgro,homes.bg,2176,2025-01-13,34245,,,,
"Земеделска земя, 1001m²",,19500.0,EUR,False, продажба,,Благоевград,жк. Баларбаши,,,,https://homes.bg/offer/zemya-za-prodazhba/zemedelska-zemya-1001m2-blagoevgrad-zhk.-balarbashi/la23181,1.0,2025-01-13 18:03:48.288439,https://www.homes.bg/api/offers??currencyId=1&filterOrderBy=0&locationId=0&typeId=LandAgro,homes.bg,2176,2025-01-13,23181,,,,
"Земеделска земя, 5200m²",,30000.0,EUR,False, продажба,,,,,,,https://homes.bg/offer/zemya-za-prodazhba/zemedelska-zemya-5200m2--/la24526,5.0,2025-01-13 18:03:48.288456,https://www.homes.bg/api/offers??currencyId=1&filterOrderBy=0&locationId=0&typeId=LandAgro,homes.bg,2176,2025-01-13,24526,,,,
"Земеделска земя, 7700m²","Категория 3, Нива",38500.0,ЛЕВА,False, продажба,,Асеновград,гр.Асеновград,,,,https://homes.bg/offer/zemya-za-prodazhba/zemedelska-zemya-7700m2-asenovgrad-gr.asenovgrad/la23986,2.0,2025-01-13 18:03:48.288472,https://www.homes.bg/api/offers??currencyId=1&filterOrderBy=0&locationId=0&typeId=LandAgro,homes.bg,2176,2025-01-13,23986,,,,
"Земеделска земя, 2500m²",,100000.0,EUR,False, продажба,,Благоевград, Изгрев,,,,https://homes.bg/offer/zemya-za-prodazhba/zemedelska-zemya-2500m2-blagoevgrad-izgrev/la34396,0.0,2025-01-13 18:03:48.288488,https://www.homes.bg/api/offers??currencyId=1&filterOrderBy=0&locationId=0&typeId=LandAgro,homes.bg,2176,2025-01-13,34396,,,,
"Земеделска земя, 1981m²",,51500.0,ЛЕВА,False, продажба,,Благоевград, Изгрев,,,,https://homes.bg/offer/zemya-za-prodazhba/zemedelska-zemya-1981m2-blagoevgrad-izgrev/la33847,1.0,2025-01-13 18:03:48.288504,https://www.homes.bg/api/offers??currencyId=1&filterOrderBy=0&locationId=0&typeId=LandAgro,homes.bg,2176,2025-01-13,33847,,,,
"Земеделска земя, 7150m²","Категория 5, Нива",71500.0,EUR,False, продажба,,Пловдив,с.Царацово,,,,https://homes.bg/offer/zemya-za-prodazhba/zemedelska-zemya-7150m2-plovdiv-s.caracovo/la34389,4.0,2025-01-13 18:03:48.288519,https://www.homes.bg/api/offers??currencyId=1&filterOrderBy=0&locationId=0&typeId=LandAgro,homes.bg,2176,2025-01-13,34389,,,,
"Земеделска земя, 7995m²","Категория 8, Друго",11300.0,EUR,False, продажба,,Велико Търново,с.Войнежа,,,,https://homes.bg/offer/zemya-za-prodazhba/zemedelska-zemya-7995m2-veliko-tyrnovo-s.vojnezha/la34388,3.0,2025-01-13 18:03:48.288534,https://www.homes.bg/api/offers??currencyId=1&filterOrderBy=0&locationId=0&typeId=LandAgro,homes.bg,2176,2025-01-13,34388,,,,
"Земеделска земя, 4022m²",Друго,21500.0,EUR,False, продажба,,Бургас,гр.Каблешково,,,,https://homes.bg/offer/zemya-za-prodazhba/zemedelska-zemya-4022m2-burgas-gr.kableshkovo/la34390,7.0,2025-01-13 18:03:48.288550,https://www.homes.bg/api/offers??currencyId=1&filterOrderBy=0&locationId=0&typeId=LandAgro,homes.bg,2176,2025-01-13,34390,,,,
"Земеделска земя, 750m²","Категория 10, Ливада",52000.0,ЛЕВА,False, продажба,,Сапарева баня,с.Овчарци,,,,https://homes.bg/offer/zemya-za-prodazhba/zemedelska-zemya-750m2-sapareva-banya-s.ovcharci/la34387,10.0,2025-01-13 18:03:48.288566,https://www.homes.bg/api/offers??currencyId=1&filterOrderBy=0&locationId=0&typeId=LandAgro,homes.bg,2176,2025-01-13,34387,,,,
"Земеделска земя, 3500m²","Категория 5, Нива",30000.0,EUR,False, продажба,,Варна,кв. Аспарухово,,,,https://homes.bg/offer/zemya-za-prodazhba/zemedelska-zemya-3500m2-varna-kv.-asparuhovo/la24776,1.0,2025-01-13 18:03:48.288579,https://www.homes.bg/api/offers??currencyId=1&filterOrderBy=0&locationId=0&typeId=LandAgro,homes.bg,2176,2025-01-13,24776,,,,
"Земеделска земя, 19154m²","Категория 5, Нива",478850.0,EUR,False, продажба,,Бургас,гр.Царево,,,,https://homes.bg/offer/zemya-za-prodazhba/zemedelska-zemya-19154m2-burgas-gr.carevo/la21193,2.0,2025-01-13 18:03:48.288594,https://www.homes.bg/api/offers??currencyId=1&filterOrderBy=0&locationId=0&typeId=LandAgro,homes.bg,2176,2025-01-13,21193,,,,
"Земеделска земя, 16000m²","Категория 9, Нива",0.0,ЛЕВА,False, продажба,,Любимец,с.Дъбовец,,,,https://homes.bg/offer/zemya-za-prodazhba/zemedelska-zemya-16000m2-ljubimec-s.dybovec/la18207,1.0,2025-01-13 18:03:48.288608,https://www.homes.bg/api/offers??currencyId=1&filterOrderBy=0&locationId=0&typeId=LandAgro,homes.bg,2176,2025-01-13,18207,,,,
"Земеделска земя, 800m²",,2500.0,EUR,False, продажба,,Кюстендил,жк. Герена,,,,https://homes.bg/offer/zemya-za-prodazhba/zemedelska-zemya-800m2-kjustendil-zhk.-gerena/la19964,1.0,2025-01-13 18:03:48.288621,https://www.homes.bg/api/offers??currencyId=1&filterOrderBy=0&locationId=0&typeId=LandAgro,homes.bg,2176,2025-01-13,19964,,,,
"Земеделска земя, 350000m²","Категория 5, Овощна градина",1200000.0,EUR,False, продажба,,Пловдив,жк Южен,,,,https://homes.bg/offer/zemya-za-prodazhba/zemedelska-zemya-350000m2-plovdiv-zhk-juzhen/la24375,9.0,2025-01-13 18:03:48.288638,https://www.homes.bg/api/offers??currencyId=1&filterOrderBy=0&locationId=0&typeId=LandAgro,homes.bg,2176,2025-01-13,24375,,,,
"Земеделска земя, 1481m²","Категория 6, Нива",46500.0,EUR,False, продажба,,Костинброд,гр.Костинброд,,,,https://homes.bg/offer/zemya-za-prodazhba/zemedelska-zemya-1481m2-kostinbrod-gr.kostinbrod/la24755,5.0,2025-01-13 18:03:48.288654,https://www.homes.bg/api/offers??currencyId=1&filterOrderBy=0&locationId=0&typeId=LandAgro,homes.bg,2176,2025-01-13,24755,,,,
"Земеделска земя, 1464m²","Категория 6, Нива",46300.0,EUR,False, продажба,,Костинброд,гр.Костинброд,,,,https://homes.bg/offer/zemya-za-prodazhba/zemedelska-zemya-1464m2-kostinbrod-gr.kostinbrod/la24756,6.0,2025-01-13 18:03:48.288670,https://www.homes.bg/api/offers??currencyId=1&filterOrderBy=0&locationId=0&typeId=LandAgro,homes.bg,2176,2025-01-13,24756,,,,
"Земеделска земя, 2730m²",Нива,79000.0,EUR,False, продажба,,Пловдив,с.Марково,,,,https://homes.bg/offer/zemya-za-prodazhba/zemedelska-zemya-2730m2-plovdiv-s.markovo/la34382,1.0,2025-01-13 18:03:48.288684,https://www.homes.bg/api/offers??currencyId=1&filterOrderBy=0&locationId=0&typeId=LandAgro,homes.bg,2176,2025-01-13,34382,,,,
"Земеделска земя, 8598m²",Нива,223574.0,EUR,False, продажба,,Пловдив,с.Крумово,,,,https://homes.bg/offer/zemya-za-prodazhba/zemedelska-zemya-8598m2-plovdiv-s.krumovo/la34271,3.0,2025-01-13 18:03:48.288699,https://www.homes.bg/api/offers??currencyId=1&filterOrderBy=0&locationId=0&typeId=LandAgro,homes.bg,2176,2025-01-13,34271,,,,
"Земеделска земя, 28799m²",Нива,1007965.0,EUR,False, продажба,,Пловдив,с.Костиево,,,,https://homes.bg/offer/zemya-za-prodazhba/zemedelska-zemya-28799m2-plovdiv-s.kostievo/la34384,3.0,2025-01-13 18:03:48.288713,https://www.homes.bg/api/offers??currencyId=1&filterOrderBy=0&locationId=0&typeId=LandAgro,homes.bg,2176,2025-01-13,34384,,,,
"Земеделска земя, 2000m²","Категория 8, Ливада",40000.0,ЛЕВА,False, продажба,,Благоевград,с.Лиляново,,,,https://homes.bg/offer/zemya-za-prodazhba/zemedelska-zemya-2000m2-blagoevgrad-s.lilyanovo/la24928,6.0,2025-01-13 18:03:48.288728,https://www.homes.bg/api/offers??currencyId=1&filterOrderBy=0&locationId=0&typeId=LandAgro,homes.bg,2176,2025-01-13,24928,,,,
"Земеделска земя, 4001m²",Друго,40010.0,EUR,False, продажба,,Пловдив,с.Царацово,,,,https://homes.bg/offer/zemya-za-prodazhba/zemedelska-zemya-4001m2-plovdiv-s.caracovo/la22989,1.0,2025-01-13 18:03:48.288738,https://www.homes.bg/api/offers??currencyId=1&filterOrderBy=0&locationId=0&typeId=LandAgro,homes.bg,2176,2025-01-13,22989,,,,
"Земеделска земя, 46161m²",Друго,115402.0,EUR,False, продажба,,Пловдив,гр.Съединение,,,,https://homes.bg/offer/zemya-za-prodazhba/zemedelska-zemya-46161m2-plovdiv-gr.syedinenie/la22992,1.0,2025-01-13 18:03:48.288749,https://www.homes.bg/api/offers??currencyId=1&filterOrderBy=0&locationId=0&typeId=LandAgro,homes.bg,2176,2025-01-13,22992,,,,
"Земеделска земя, 36547m²",Друго,109641.0,EUR,False, продажба,,Пловдив,гр.Съединение,,,,https://homes.bg/offer/zemya-za-prodazhba/zemedelska-zemya-36547m2-plovdiv-gr.syedinenie/la22991,1.0,2025-01-13 18:03:48.288760,https://www.homes.bg/api/offers??currencyId=1&filterOrderBy=0&locationId=0&typeId=LandAgro,homes.bg,2176,2025-01-13,22991,,,,
"Земеделска земя, 3941m²",Друго,35000.0,EUR,False, продажба,,Перник,с.Ковачевци,,,,https://homes.bg/offer/zemya-za-prodazhba/zemedelska-zemya-3941m2-pernik-s.kovachevci/la34375,1.0,2025-01-13 18:03:48.288770,https://www.homes.bg/api/offers??currencyId=1&filterOrderBy=0&locationId=0&typeId=LandAgro,homes.bg,2176,2025-01-13,34375,,,,
"Земеделска земя, 1445m²",,73500.0,ЛЕВА,False, продажба,,Благоевград,жк. Баларбаши,,,,https://homes.bg/offer/zemya-za-prodazhba/zemedelska-zemya-1445m2-blagoevgrad-zhk.-balarbashi/la34298,1.0,2025-01-13 18:03:48.288781,https://www.homes.bg/api/offers??currencyId=1&filterOrderBy=0&locationId=0&typeId=LandAgro,homes.bg,2176,2025-01-13,34298,,,,
"Земеделска земя, 770m²",Ливада,7500.0,EUR,False, продажба,,Самоков,с.Доспей,,,,https://homes.bg/offer/zemya-za-prodazhba/zemedelska-zemya-770m2-samokov-s.dospej/la21434,5.0,2025-01-13 18:03:48.288793,https://www.homes.bg/api/offers??currencyId=1&filterOrderBy=0&locationId=0&typeId=LandAgro,homes.bg,2176,2025-01-13,21434,,,,
"Земеделска земя, 5700m²",Нива,202000.0,EUR,False, продажба,,Елин Пелин,с.Равно Поле,,,,https://homes.bg/offer/zemya-za-prodazhba/zemedelska-zemya-5700m2-elin-pelin-s.ravno-pole/la21435,3.0,2025-01-13 18:03:48.288804,https://www.homes.bg/api/offers??currencyId=1&filterOrderBy=0&locationId=0&typeId=LandAgro,homes.bg,2176,2025-01-13,21435,,,,
"Земеделска земя, 9350m²","Категория 4, Нива",25000.0,ЛЕВА,False, продажба,,Стара Загора, Широк център,,,,https://homes.bg/offer/zemya-za-prodazhba/zemedelska-zemya-9350m2-stara-zagora-shirok-centyr/la34228,1.0,2025-01-13 18:03:48.288815,https://www.homes.bg/api/offers??currencyId=1&filterOrderBy=0&locationId=0&typeId=LandAgro,homes.bg,2176,2025-01-13,34228,,,,
"Земеделска земя, 4250m²","Категория 6, Нива",42250.0,EUR,False, продажба,,Пловдив,с.Ягодово,,,,https://homes.bg/offer/zemya-za-prodazhba/zemedelska-zemya-4250m2-plovdiv-s.yagodovo/la34363,3.0,2025-01-13 18:03:48.288827,https://www.homes.bg/api/offers??currencyId=1&filterOrderBy=0&locationId=0&typeId=LandAgro,homes.bg,2176,2025-01-13,34363,,,,
"Земеделска земя, 3469m²","Категория 4, Нива",139900.0,EUR,False, продажба,,Пловдив,с.Първенец,,,,https://homes.bg/offer/zemya-za-prodazhba/zemedelska-zemya-3469m2-plovdiv-s.pyrvenec/la34370,2.0,2025-01-13 18:03:48.288838,https://www.homes.bg/api/offers??currencyId=1&filterOrderBy=0&locationId=0&typeId=LandAgro,homes.bg,2176,2025-01-13,34370,,,,
"Земеделска земя, 14498m²","Категория 4, Овощна градина",493000.0,EUR,False, продажба,,Пловдив,с.Марково,,,,https://homes.bg/offer/zemya-za-prodazhba/zemedelska-zemya-14498m2-plovdiv-s.markovo/la34258,1.0,2025-01-13 18:03:48.288848,https://www.homes.bg/api/offers??currencyId=1&filterOrderBy=0&locationId=0&typeId=LandAgro,homes.bg,2176,2025-01-13,34258,,,,
"Земеделска земя, 3950m²",Друго,40000.0,EUR,False, продажба,,София, Кремиковци,,,,https://homes.bg/offer/zemya-za-prodazhba/zemedelska-zemya-3950m2-sofiya-kremikovci/la33524,3.0,2025-01-13 18:03:48.288859,https://www.homes.bg/api/offers??currencyId=1&filterOrderBy=0&locationId=0&typeId=LandAgro,homes.bg,2176,2025-01-13,33524,,,,
"Земеделска земя, 29000m²","Категория 4, Лозе",33000.0,ЛЕВА,False, продажба,,Перущица,гр.Перущица,,,,https://homes.bg/offer/zemya-za-prodazhba/zemedelska-zemya-29000m2-perushtica-gr.perushtica/la11556,1.0,2025-01-13 18:03:48.288869,https://www.homes.bg/api/offers??currencyId=1&filterOrderBy=0&locationId=0&typeId=LandAgro,homes.bg,2176,2025-01-13,11556,,,,
"Земеделска земя, 2712m²",,3900.0,EUR,False, продажба,,Благоевград,с.Дебрене,,,,https://homes.bg/offer/zemya-za-prodazhba/zemedelska-zemya-2712m2-blagoevgrad-s.debrene/la23930,5.0,2025-01-13 18:03:48.288880,https://www.homes.bg/api/offers??currencyId=1&filterOrderBy=0&locationId=0&typeId=LandAgro,homes.bg,2176,2025-01-13,23930,,,,
"Земеделска земя, 2064m²","Категория 6, Ливада",103200.0,ЛЕВА,False, продажба,,Сапарева баня,гр.Сапарева Баня,,,,https://homes.bg/offer/zemya-za-prodazhba/zemedelska-zemya-2064m2-sapareva-banya-gr.sapareva-banya/la34369,9.0,2025-01-13 18:03:48.288892,https://www.homes.bg/api/offers??currencyId=1&filterOrderBy=0&locationId=0&typeId=LandAgro,homes.bg,2176,2025-01-13,34369,,,,
"Земеделска земя, 42000m²","Категория 9, Овощна градина",49900.0,ЛЕВА,False, продажба,,Кърджали,с.Три Могили,,,,https://homes.bg/offer/zemya-za-prodazhba/zemedelska-zemya-42000m2-kyrdzhali-s.tri-mogili/la23020,2.0,2025-01-13 18:03:48.288903,https://www.homes.bg/api/offers??currencyId=1&filterOrderBy=0&locationId=0&typeId=LandAgro,homes.bg,2176,2025-01-13,23020,,,,
"Земеделска земя, 7000m²",,15640.0,EUR,False, продажба,,Разград,гр.Завет,,,,https://homes.bg/offer/zemya-za-prodazhba/zemedelska-zemya-7000m2-razgrad-gr.zavet/la34163,1.0,2025-01-13 18:03:48.288913,https://www.homes.bg/api/offers??currencyId=1&filterOrderBy=0&locationId=0&typeId=LandAgro,homes.bg,2176,2025-01-13,34163,,,,
"Земеделска земя, 13398m²",Друго,133980.0,EUR,False, продажба,,Пловдив,с.Калековец,,,,https://homes.bg/offer/zemya-za-prodazhba/zemedelska-zemya-13398m2-plovdiv-s.kalekovec/la34661,1.0,2025-01-13 18:03:48.288923,https://www.homes.bg/api/offers??currencyId=1&filterOrderBy=0&locationId=0&typeId=LandAgro,homes.bg,2176,2025-01-13,34661,,,,
"Земеделска земя, 2948m²",Нива,235840.0,EUR,False, продажба,,Пловдив,с.Белащица,,,,https://homes.bg/offer/zemya-za-prodazhba/zemedelska-zemya-2948m2-plovdiv-s.belashtica/la34362,1.0,2025-01-13 18:03:48.288933,https://www.homes.bg/api/offers??currencyId=1&filterOrderBy=0&locationId=0&typeId=LandAgro,homes.bg,2176,2025-01-13,34362,,,,
"Земеделска земя, 1801m²",,61200.0,EUR,False, продажба,,Пловдив,с.Брестник,,,,https://homes.bg/offer/zemya-za-prodazhba/zemedelska-zemya-1801m2-plovdiv-s.brestnik/la34289,3.0,2025-01-13 18:03:48.288943,https://www.homes.bg/api/offers??currencyId=1&filterOrderBy=0&locationId=0&typeId=LandAgro,homes.bg,2176,2025-01-13,34289,,,,
"Земеделска земя, 4999m²","Категория 5, Нива",99980.0,EUR,False, продажба,,Пловдив,с.Царацово,,,,https://homes.bg/offer/zemya-za-prodazhba/zemedelska-zemya-4999m2-plovdiv-s.caracovo/la25103,2.0,2025-01-13 18:03:48.288953,https://www.homes.bg/api/offers??currencyId=1&filterOrderBy=0&locationId=0&typeId=LandAgro,homes.bg,2176,2025-01-13,25103,,,,
"Земеделска земя, 3697m²","Категория 4, Нива",840000.0,EUR,False, продажба,,Пловдив,кв. Остромила,,,,https://homes.bg/offer/zemya-za-prodazhba/zemedelska-zemya-3697m2-plovdiv-kv.-ostromila/la34306,3.0,2025-01-13 18:03:48.288963,https://www.homes.bg/api/offers??currencyId=1&filterOrderBy=0&locationId=0&typeId=LandAgro,homes.bg,2176,2025-01-13,34306,,,,
"Земеделска земя, 10000m²",Друго,220000.0,EUR,False, продажба,,Добрич,с.Оброчище,,,,https://homes.bg/offer/zemya-za-prodazhba/zemedelska-zemya-10000m2-dobrich-s.obrochishte/la34733,1.0,2025-01-13 18:03:48.288973,https://www.homes.bg/api/offers??currencyId=1&filterOrderBy=0&locationId=0&typeId=LandAgro,homes.bg,2176,2025-01-13,34733,,,,
"Земеделска земя, 10011m²",Нива,100000.0,EUR,False, продажба,,Пловдив,с.Първенец,,,,https://homes.bg/offer/zemya-za-prodazhba/zemedelska-zemya-10011m2-plovdiv-s.pyrvenec/la34352,2.0,2025-01-13 18:03:48.288983,https://www.homes.bg/api/offers??currencyId=1&filterOrderBy=0&locationId=0&typeId=LandAgro,homes.bg,2176,2025-01-13,34352,,,,
"Земеделска земя, 5900m²","Категория 4, Нива",147500.0,EUR,False, продажба,,Пловдив,с.Белащица,,,,https://homes.bg/offer/zemya-za-prodazhba/zemedelska-zemya-5900m2-plovdiv-s.belashtica/la34353,2.0,2025-01-13 18:03:48.288993,https://www.homes.bg/api/offers??currencyId=1&filterOrderBy=0&locationId=0&typeId=LandAgro,homes.bg,2176,2025-01-13,34353,,,,
"Земеделска земя, 10290m²",,25000.0,EUR,False, продажба,,Бургас,гр.Камено,,,,https://homes.bg/offer/zemya-za-prodazhba/zemedelska-zemya-10290m2-burgas-gr.kameno/la34269,1.0,2025-01-13 18:03:48.289004,https://www.homes.bg/api/offers??currencyId=1&filterOrderBy=0&locationId=0&typeId=LandAgro,homes.bg,2176,2025-01-13,34269,,,,
"Земеделска земя, 2240m²",Нива,140000.0,EUR,False, продажба,,Пловдив,кв. Остромила,,,,https://homes.bg/offer/zemya-za-prodazhba/zemedelska-zemya-2240m2-plovdiv-kv.-ostromila/la34349,1.0,2025-01-13 18:03:48.289014,https://www.homes.bg/api/offers??currencyId=1&filterOrderBy=0&locationId=0&typeId=LandAgro,homes.bg,2176,2025-01-13,34349,,,,
"Земеделска земя, 28642m²",Друго,260000.0,EUR,False, продажба,,Бургас,с.Порой,,,,https://homes.bg/offer/zemya-za-prodazhba/zemedelska-zemya-28642m2-burgas-s.poroj/la33063,10.0,2025-01-13 18:03:48.289026,https://www.homes.bg/api/offers??currencyId=1&filterOrderBy=0&locationId=0&typeId=LandAgro,homes.bg,2176,2025-01-13,33063,,,,
"Земеделска земя, 10570m²",Друго,12000.0,EUR,False, продажба,,Бургас,гр.Царево,,,,https://homes.bg/offer/zemya-za-prodazhba/zemedelska-zemya-10570m2-burgas-gr.carevo/la34078,5.0,2025-01-13 18:03:48.289039,https://www.homes.bg/api/offers??currencyId=1&filterOrderBy=0&locationId=0&typeId=LandAgro,homes.bg,2176,2025-01-13,34078,,,,
"Земеделска земя, 6146m²",Друго,123000.0,EUR,False, продажба,,Бургас,гр.Царево,,,,https://homes.bg/offer/zemya-za-prodazhba/zemedelska-zemya-6146m2-burgas-gr.carevo/la34058,6.0,2025-01-13 18:03:48.289050,https://www.homes.bg/api/offers??currencyId=1&filterOrderBy=0&locationId=0&typeId=LandAgro,homes.bg,2176,2025-01-13,34058,,,,
"Земеделска земя, 2756m²",,138000.0,EUR,False, продажба,,Варна,с.Тополи,,,,https://homes.bg/offer/zemya-za-prodazhba/zemedelska-zemya-2756m2-varna-s.topoli/la34232,1.0,2025-01-13 18:03:48.289060,https://www.homes.bg/api/offers??currencyId=1&filterOrderBy=0&locationId=0&typeId=LandAgro,homes.bg,2176,2025-01-13,34232,,,,
"Земеделска земя, 2517m²",Друго,299000.0,EUR,False, продажба,,София -,с.Мърчаево,,,,https://homes.bg/offer/zemya-za-prodazhba/zemedelska-zemya-2517m2-sofiya---grad-s.myrchaevo/la34376,0.0,2025-01-13 18:03:48.289070,https://www.homes.bg/api/offers??currencyId=1&filterOrderBy=0&locationId=0&typeId=LandAgro,homes.bg,2176,2025-01-13,34376,,,,
"Земеделска земя, 6691m²",Нива,214000.0,EUR,False, продажба,,Пловдив,кв. Коматево,,,,https://homes.bg/offer/zemya-za-prodazhba/zemedelska-zemya-6691m2-plovdiv-kv.-komatevo/la34345,0.0,2025-01-13 18:03:48.289079,https://www.homes.bg/api/offers??currencyId=1&filterOrderBy=0&locationId=0&typeId=LandAgro,homes.bg,2176,2025-01-13,34345,,,,
"Земеделска земя, 20000m²",Нива,70000.0,EUR,False, продажба,,Пловдив,с.Граф-Игнатиево,,,,https://homes.bg/offer/zemya-za-prodazhba/zemedelska-zemya-20000m2-plovdiv-s.graf-ignatievo/la34342,1.0,2025-01-13 18:03:48.289091,https://www.homes.bg/api/offers??currencyId=1&filterOrderBy=0&locationId=0&typeId=LandAgro,homes.bg,2176,2025-01-13,34342,,,,
"Земеделска земя, 2997m²","Категория 4, Нива",59940.0,EUR,False, продажба,,Пловдив,жк Южен,,,,https://homes.bg/offer/zemya-za-prodazhba/zemedelska-zemya-2997m2-plovdiv-zhk-juzhen/la33923,2.0,2025-01-13 18:03:48.289102,https://www.homes.bg/api/offers??currencyId=1&filterOrderBy=0&locationId=0&typeId=LandAgro,homes.bg,2176,2025-01-13,33923,,,,
"Земеделска земя, 5489m²",Нива,24000.0,EUR,False, продажба,,Пловдив,с.Цалапица,,,,https://homes.bg/offer/zemya-za-prodazhba/zemedelska-zemya-5489m2-plovdiv-s.calapica/la34338,7.0,2025-01-13 18:03:48.289114,https://www.homes.bg/api/offers??currencyId=1&filterOrderBy=0&locationId=0&typeId=LandAgro,homes.bg,2176,2025-01-13,34338,,,,
"Земеделска земя, 1501m²","Категория 3, Нива",39026.0,EUR,False, продажба,,Пловдив, Индустриална зона - Юг,,,,https://homes.bg/offer/zemya-za-prodazhba/zemedelska-zemya-1501m2-plovdiv-industrialna-zona---jug/la23419,1.0,2025-01-13 18:03:48.289124,https://www.homes.bg/api/offers??currencyId=1&filterOrderBy=0&locationId=0&typeId=LandAgro,homes.bg,2176,2025-01-13,23419,,,,
"Земеделска земя, 1865m²",,52000.0,EUR,False, продажба,,Благоевград,с.Дъбрава,,,,https://homes.bg/offer/zemya-za-prodazhba/zemedelska-zemya-1865m2-blagoevgrad-s.dybrava/la34348,1.0,2025-01-13 18:03:48.289135,https://www.homes.bg/api/offers??currencyId=1&filterOrderBy=0&locationId=0&typeId=LandAgro,homes.bg,2176,2025-01-13,34348,,,,
"Земеделска земя, 4580m²",Ливада,91600.0,ЛЕВА,False, продажба,,Батак,к.Цигов Чарк,,,,https://homes.bg/offer/zemya-za-prodazhba/zemedelska-zemya-4580m2-batak-k.cigov-chark/la14455,1.0,2025-01-13 18:03:48.289145,https://www.homes.bg/api/offers??currencyId=1&filterOrderBy=0&locationId=0&typeId=LandAgro,homes.bg,2176,2025-01-13,14455,,,,
"Земеделска земя, 13021m²","Категория 8, Нива",7280.0,ЛЕВА,False, продажба,,Панагюрище,с.Елшица,,,,https://homes.bg/offer/zemya-za-prodazhba/zemedelska-zemya-13021m2-panagjurishte-s.elshica/la23200,8.0,2025-01-13 18:03:48.289158,https://www.homes.bg/api/offers??currencyId=1&filterOrderBy=0&locationId=0&typeId=LandAgro,homes.bg,2176,2025-01-13,23200,,,,
"Земеделска земя, 1400m²",Друго,22400.0,EUR,False, продажба,,Пловдив,с.Брестовица,,,,https://homes.bg/offer/zemya-za-prodazhba/zemedelska-zemya-1400m2-plovdiv-s.brestovica/la34667,1.0,2025-01-13 18:03:48.289168,https://www.homes.bg/api/offers??currencyId=1&filterOrderBy=0&locationId=0&typeId=LandAgro,homes.bg,2176,2025-01-13,34667,,,,
"Земеделска земя, 3088m²","Категория 3, Нива",22000.0,EUR,False, продажба,,Добрич,с.Свети Никола,,,,https://homes.bg/offer/zemya-za-prodazhba/zemedelska-zemya-3088m2-dobrich-s.sveti-nikola/la24609,6.0,2025-01-13 18:03:48.289180,https://www.homes.bg/api/offers??currencyId=1&filterOrderBy=0&locationId=0&typeId=LandAgro,homes.bg,2176,2025-01-13,24609,,,,
"Земеделска земя, 14945m²",,21000.0,EUR,False, продажба,,Стара Загора,с.Оряховица,,,,https://homes.bg/offer/zemya-za-prodazhba/zemedelska-zemya-14945m2-stara-zagora-s.oryahovica/la34340,1.0,2025-01-13 18:03:48.289190,https://www.homes.bg/api/offers??currencyId=1&filterOrderBy=0&locationId=0&typeId=LandAgro,homes.bg,2176,2025-01-13,34340,,,,
"Земеделска земя, 2047m²",,65504.0,EUR,False, продажба,,Благоевград,с.Дъбрава,,,,https://homes.bg/offer/zemya-za-prodazhba/zemedelska-zemya-2047m2-blagoevgrad-s.dybrava/la34254,2.0,2025-01-13 18:03:48.289202,https://www.homes.bg/api/offers??currencyId=1&filterOrderBy=0&locationId=0&typeId=LandAgro,homes.bg,2176,2025-01-13,34254,,,,
"Земеделска земя, 3187m²",Друго,363190.0,EUR,False, продажба,,Пловдив,с.Марково,,,,https://homes.bg/offer/zemya-za-prodazhba/zemedelska-zemya-3187m2-plovdiv-s.markovo/la26593,4.0,2025-01-13 18:03:48.289213,https://www.homes.bg/api/offers??currencyId=1&filterOrderBy=0&locationId=0&typeId=LandAgro,homes.bg,2176,2025-01-13,26593,,,,
"Земеделска земя, 6500m²","Категория 8, Нива",65000.0,EUR,False, продажба,,Велико Търново,с.Леденик,,,,https://homes.bg/offer/zemya-za-prodazhba/zemedelska-zemya-6500m2-veliko-tyrnovo-s.ledenik/la24149,0.0,2025-01-13 18:03:48.289223,https://www.homes.bg/api/offers??currencyId=1&filterOrderBy=0&locationId=0&typeId=LandAgro,homes.bg,2176,2025-01-13,24149,,,,
"Земеделска земя, 12700m²",,82000.0,EUR,False, продажба,,Велико Търново,с.Леденик,,,,https://homes.bg/offer/zemya-za-prodazhba/zemedelska-zemya-12700m2-veliko-tyrnovo-s.ledenik/la34153,0.0,2025-01-13 18:03:48.289233,https://www.homes.bg/api/offers??currencyId=1&filterOrderBy=0&locationId=0&typeId=LandAgro,homes.bg,2176,2025-01-13,34153,,,,
"Земеделска земя, 1690m²","Категория 4, Нива",33000.0,EUR,False, продажба,,Пловдив,с.Храбрино,,,,https://homes.bg/offer/zemya-za-prodazhba/zemedelska-zemya-1690m2-plovdiv-s.hrabrino/la34309,1.0,2025-01-13 18:03:48.289243,https://www.homes.bg/api/offers??currencyId=1&filterOrderBy=0&locationId=0&typeId=LandAgro,homes.bg,2176,2025-01-13,34309,,,,
"Земеделска земя, 2963m²","Категория 8, Нива",74000.0,EUR,False, продажба,,Пловдив,с.Храбрино,,,,https://homes.bg/offer/zemya-za-prodazhba/zemedelska-zemya-2963m2-plovdiv-s.hrabrino/la34308,4.0,2025-01-13 18:03:48.289254,https://www.homes.bg/api/offers??currencyId=1&filterOrderBy=0&locationId=0&typeId=LandAgro,homes.bg,2176,2025-01-13,34308,,,,
"Земеделска земя, 8816m²","Категория 10, Нива",88900.0,EUR,False, продажба,,Пловдив,с.Царацово,,,,https://homes.bg/offer/zemya-za-prodazhba/zemedelska-zemya-8816m2-plovdiv-s.caracovo/la24882,3.0,2025-01-13 18:03:48.289265,https://www.homes.bg/api/offers??currencyId=1&filterOrderBy=0&locationId=0&typeId=LandAgro,homes.bg,2176,2025-01-13,24882,,,,
"Земеделска земя, 3110m²","Категория 7, Пасище",61000.0,EUR,False, продажба,,Пловдив,с.Храбрино,,,,https://homes.bg/offer/zemya-za-prodazhba/zemedelska-zemya-3110m2-plovdiv-s.hrabrino/la34310,3.0,2025-01-13 18:03:48.289277,https://www.homes.bg/api/offers??currencyId=1&filterOrderBy=0&locationId=0&typeId=LandAgro,homes.bg,2176,2025-01-13,34310,,,,
