raw_title,raw_description,price,currency,without_dds,offer_type,property_type,city,neighborhood,contact_info,agency,agency_url,details_url,num_photos,date_time_added,search_url,site,total_offers,date,ref_no,time,price_per_m2,area,floor
"Едностаен, 32m²","Тухла, ТЕЦ",121255.0,EUR,False, продажба,едностаен,София,жк. Стрелбище,,,,https://homes.bg/offer/apartament-za-prodazhba/ednostaen-32m2-sofiya-zhk.-strelbishte/as1591701,2.0,2025-03-16 18:02:26.974639,https://www.homes.bg/api/offers?currencyId=1&filterOrderBy=0&locationId=1&typeId=ApartmentSell&neighbourhoods%5B%5D=515,homes.bg,95,2025-03-16,1591701,днес,,,
"Двустаен, 65m²","Тухла, ТЕЦ",242400.0,EUR,False, продажба,двустаен,София,жк. Стрелбище,,,,https://homes.bg/offer/apartament-za-prodazhba/dvustaen-65m2-sofiya-zhk.-strelbishte/as1591702,1.0,2025-03-16 18:02:26.974720,https://www.homes.bg/api/offers?currencyId=1&filterOrderBy=0&locationId=1&typeId=ApartmentSell&neighbourhoods%5B%5D=515,homes.bg,95,2025-03-16,1591702,днес,,,
"Тристаен, 123m²","Тухла, Електричество",352735.0,EUR,False, продажба,тристаен,София,жк. Стрелбище,,,,https://homes.bg/offer/apartament-za-prodazhba/tristaen-123m2-sofiya-zhk.-strelbishte/as1613655,4.0,2025-03-16 18:02:26.974746,https://www.homes.bg/api/offers?currencyId=1&filterOrderBy=0&locationId=1&typeId=ApartmentSell&neighbourhoods%5B%5D=515,homes.bg,95,2025-03-16,1613655,днес,,,
"Тристаен, 140m²","Тухла, Електричество",450000.0,EUR,False, продажба,тристаен,София,жк. Стрелбище,,,,https://homes.bg/offer/apartament-za-prodazhba/tristaen-140m2-sofiya-zhk.-strelbishte/as1613659,3.0,2025-03-16 18:02:26.974771,https://www.homes.bg/api/offers?currencyId=1&filterOrderBy=0&locationId=1&typeId=ApartmentSell&neighbourhoods%5B%5D=515,homes.bg,95,2025-03-16,1613659,днес,,,
"Двустаен, 82m²","Тухла, Електричество",262000.0,EUR,False, продажба,двустаен,София,жк. Стрелбище,,,,https://homes.bg/offer/apartament-za-prodazhba/dvustaen-82m2-sofiya-zhk.-strelbishte/as1613660,3.0,2025-03-16 18:02:26.974795,https://www.homes.bg/api/offers?currencyId=1&filterOrderBy=0&locationId=1&typeId=ApartmentSell&neighbourhoods%5B%5D=515,homes.bg,95,2025-03-16,1613660,днес,,,
"Тристаен, 140m²","Тухла, Електричество",495000.0,EUR,False, продажба,тристаен,София,жк. Стрелбище,,,,https://homes.bg/offer/apartament-za-prodazhba/tristaen-140m2-sofiya-zhk.-strelbishte/as1613663,3.0,2025-03-16 18:02:26.974816,https://www.homes.bg/api/offers?currencyId=1&filterOrderBy=0&locationId=1&typeId=ApartmentSell&neighbourhoods%5B%5D=515,homes.bg,95,2025-03-16,1613663,днес,,,
"Тристаен, 84m²","Тухла, ТЕЦ",242399.0,EUR,False, продажба,тристаен,София,жк. Стрелбище,,,,https://homes.bg/offer/apartament-za-prodazhba/tristaen-84m2-sofiya-zhk.-strelbishte/as1598605,1.0,2025-03-16 18:02:26.974851,https://www.homes.bg/api/offers?currencyId=1&filterOrderBy=0&locationId=1&typeId=ApartmentSell&neighbourhoods%5B%5D=515,homes.bg,95,2025-03-16,1598605,днес,,,
"Едностаен, 50m²","Тухла, Електричество",148000.0,EUR,False, продажба,едностаен,София,жк. Стрелбище,,,,https://homes.bg/offer/apartament-za-prodazhba/ednostaen-50m2-sofiya-zhk.-strelbishte/as1612260,4.0,2025-03-16 18:02:26.974873,https://www.homes.bg/api/offers?currencyId=1&filterOrderBy=0&locationId=1&typeId=ApartmentSell&neighbourhoods%5B%5D=515,homes.bg,95,2025-03-16,1612260,днес,,,
"Едностаен, 50m²",Тухла,148000.0,EUR,False, продажба,едностаен,София,жк. Стрелбище,,,,https://homes.bg/offer/apartament-za-prodazhba/ednostaen-50m2-sofiya-zhk.-strelbishte/as1611982,5.0,2025-03-16 18:02:26.974896,https://www.homes.bg/api/offers?currencyId=1&filterOrderBy=0&locationId=1&typeId=ApartmentSell&neighbourhoods%5B%5D=515,homes.bg,95,2025-03-16,1611982,днес,,,
"Тристаен, 89m²","Панел, ТЕЦ",229000.0,EUR,False, продажба,тристаен,София,жк. Стрелбище,,,,https://homes.bg/offer/apartament-za-prodazhba/tristaen-89m2-sofiya-zhk.-strelbishte/as1611133,10.0,2025-03-16 18:02:26.974914,https://www.homes.bg/api/offers?currencyId=1&filterOrderBy=0&locationId=1&typeId=ApartmentSell&neighbourhoods%5B%5D=515,homes.bg,95,2025-03-16,1611133,днес,,,
"Двустаен, 85m²","Тухла, Електричество",242395.0,EUR,False, продажба,двустаен,София,жк. Стрелбище,,,,https://homes.bg/offer/apartament-za-prodazhba/dvustaen-85m2-sofiya-zhk.-strelbishte/as1613760,4.0,2025-03-16 18:02:26.974928,https://www.homes.bg/api/offers?currencyId=1&filterOrderBy=0&locationId=1&typeId=ApartmentSell&neighbourhoods%5B%5D=515,homes.bg,95,2025-03-16,1613760,днес,,,
"Тристаен, 129m²","Тухла, Електричество",370465.0,EUR,False, продажба,тристаен,София,жк. Стрелбище,,,,https://homes.bg/offer/apartament-za-prodazhba/tristaen-129m2-sofiya-zhk.-strelbishte/as1613762,4.0,2025-03-16 18:02:26.974943,https://www.homes.bg/api/offers?currencyId=1&filterOrderBy=0&locationId=1&typeId=ApartmentSell&neighbourhoods%5B%5D=515,homes.bg,95,2025-03-16,1613762,днес,,,
"Двустаен, 79m²","Тухла, Електричество",227000.0,EUR,False, продажба,двустаен,София,жк. Стрелбище,,,,https://homes.bg/offer/apartament-za-prodazhba/dvustaen-79m2-sofiya-zhk.-strelbishte/as1613658,4.0,2025-03-16 18:02:26.974956,https://www.homes.bg/api/offers?currencyId=1&filterOrderBy=0&locationId=1&typeId=ApartmentSell&neighbourhoods%5B%5D=515,homes.bg,95,2025-03-16,1613658,днес,,,
"Тристаен, 123m²","Тухла, Електричество",352736.0,EUR,False, продажба,тристаен,София,жк. Стрелбище,,,,https://homes.bg/offer/apartament-za-prodazhba/tristaen-123m2-sofiya-zhk.-strelbishte/as1613761,4.0,2025-03-16 18:02:26.974974,https://www.homes.bg/api/offers?currencyId=1&filterOrderBy=0&locationId=1&typeId=ApartmentSell&neighbourhoods%5B%5D=515,homes.bg,95,2025-03-16,1613761,днес,,,
"Тристаен, 110m²","Тухла, Електричество",315093.0,EUR,False, продажба,тристаен,София,жк. Стрелбище,,,,https://homes.bg/offer/apartament-za-prodazhba/tristaen-110m2-sofiya-zhk.-strelbishte/as1613763,4.0,2025-03-16 18:02:26.974988,https://www.homes.bg/api/offers?currencyId=1&filterOrderBy=0&locationId=1&typeId=ApartmentSell&neighbourhoods%5B%5D=515,homes.bg,95,2025-03-16,1613763,днес,,,
"Едностаен, 67m²","Тухла, Електричество",193060.0,EUR,False, продажба,едностаен,София,жк. Стрелбище,,,,https://homes.bg/offer/apartament-za-prodazhba/ednostaen-67m2-sofiya-zhk.-strelbishte/as1613764,4.0,2025-03-16 18:02:26.975001,https://www.homes.bg/api/offers?currencyId=1&filterOrderBy=0&locationId=1&typeId=ApartmentSell&neighbourhoods%5B%5D=515,homes.bg,95,2025-03-16,1613764,днес,,,
"Двустаен, 85m²","Тухла, Електричество",242395.0,EUR,False, продажба,двустаен,София,жк. Стрелбище,,,,https://homes.bg/offer/apartament-za-prodazhba/dvustaen-85m2-sofiya-zhk.-strelbishte/as1613657,4.0,2025-03-16 18:02:26.975014,https://www.homes.bg/api/offers?currencyId=1&filterOrderBy=0&locationId=1&typeId=ApartmentSell&neighbourhoods%5B%5D=515,homes.bg,95,2025-03-16,1613657,днес,,,
"Тристаен, 123m²","Тухла, Електричество",405000.0,EUR,False, продажба,тристаен,София,жк. Стрелбище,,,,https://homes.bg/offer/apartament-za-prodazhba/tristaen-123m2-sofiya-zhk.-strelbishte/as1613661,3.0,2025-03-16 18:02:26.975026,https://www.homes.bg/api/offers?currencyId=1&filterOrderBy=0&locationId=1&typeId=ApartmentSell&neighbourhoods%5B%5D=515,homes.bg,95,2025-03-16,1613661,днес,,,
"Двустаен, 92m²","Тухла, Електричество",300000.0,EUR,False, продажба,двустаен,София,жк. Стрелбище,,,,https://homes.bg/offer/apartament-za-prodazhba/dvustaen-92m2-sofiya-zhk.-strelbishte/as1613662,3.0,2025-03-16 18:02:26.975038,https://www.homes.bg/api/offers?currencyId=1&filterOrderBy=0&locationId=1&typeId=ApartmentSell&neighbourhoods%5B%5D=515,homes.bg,95,2025-03-16,1613662,днес,,,
"Тристаен, 108m²","ЕПК, Електричество",269000.0,EUR,False, продажба,тристаен,София,жк. Стрелбище,,,,https://homes.bg/offer/apartament-za-prodazhba/tristaen-108m2-sofiya-zhk.-strelbishte/as1611585,8.0,2025-03-16 18:02:26.975054,https://www.homes.bg/api/offers?currencyId=1&filterOrderBy=0&locationId=1&typeId=ApartmentSell&neighbourhoods%5B%5D=515,homes.bg,95,2025-03-16,1611585,днес,,,
"Двустаен, 76m²","Тухла, Електричество",218526.0,EUR,False, продажба,двустаен,София,жк. Стрелбище,,,,https://homes.bg/offer/apartament-za-prodazhba/dvustaen-76m2-sofiya-zhk.-strelbishte/as1613759,4.0,2025-03-16 18:02:26.975070,https://www.homes.bg/api/offers?currencyId=1&filterOrderBy=0&locationId=1&typeId=ApartmentSell&neighbourhoods%5B%5D=515,homes.bg,95,2025-03-16,1613759,днес,,,
"Едностаен, 42m²","Тухла, Електричество",121255.0,EUR,False, продажба,едностаен,София,жк. Стрелбище,,,,https://homes.bg/offer/apartament-za-prodazhba/ednostaen-42m2-sofiya-zhk.-strelbishte/as1613765,4.0,2025-03-16 18:02:26.975083,https://www.homes.bg/api/offers?currencyId=1&filterOrderBy=0&locationId=1&typeId=ApartmentSell&neighbourhoods%5B%5D=515,homes.bg,95,2025-03-16,1613765,днес,,,
"Двустаен, 78m²",Тухла,224596.0,EUR,False, продажба,двустаен,София,жк. Стрелбище,,,,https://homes.bg/offer/apartament-za-prodazhba/dvustaen-78m2-sofiya-zhk.-strelbishte/as1613654,4.0,2025-03-16 18:02:26.975097,https://www.homes.bg/api/offers?currencyId=1&filterOrderBy=0&locationId=1&typeId=ApartmentSell&neighbourhoods%5B%5D=515,homes.bg,95,2025-03-16,1613654,днес,,,
"Тристаен, 129m²","Тухла, Електричество",370475.0,EUR,False, продажба,тристаен,София,жк. Стрелбище,,,,https://homes.bg/offer/apartament-za-prodazhba/tristaen-129m2-sofiya-zhk.-strelbishte/as1613656,4.0,2025-03-16 18:02:26.975109,https://www.homes.bg/api/offers?currencyId=1&filterOrderBy=0&locationId=1&typeId=ApartmentSell&neighbourhoods%5B%5D=515,homes.bg,95,2025-03-16,1613656,днес,,,
"Гараж, 16m²","Тухла, Необзаведен, Без отопление",51500.0,EUR,False, продажба,,София,жк. Стрелбище,,,,https://homes.bg/offer/apartament-za-prodazhba/garazh-16m2-sofiya-zhk.-strelbishte/as1617474,3.0,2025-03-16 18:02:26.975121,https://www.homes.bg/api/offers?currencyId=1&filterOrderBy=0&locationId=1&typeId=ApartmentSell&neighbourhoods%5B%5D=515,homes.bg,95,2025-03-16,1617474,вчера,,,
"Тристаен, 80m²","Панел, Обзаведен, ТЕЦ",185000.0,EUR,False, продажба,тристаен,София,жк. Стрелбище,,,,https://homes.bg/offer/apartament-za-prodazhba/tristaen-80m2-sofiya-zhk.-strelbishte/as1397574,6.0,2025-03-16 18:02:26.975136,https://www.homes.bg/api/offers?currencyId=1&filterOrderBy=0&locationId=1&typeId=ApartmentSell&neighbourhoods%5B%5D=515,homes.bg,95,2025-03-16,1397574,,,,
"Тристаен, 117m²","Тухла, Обзаведен, ТЕЦ",487000.0,EUR,False, продажба,тристаен,София,жк. Стрелбище,,,,https://homes.bg/offer/apartament-za-prodazhba/tristaen-117m2-sofiya-zhk.-strelbishte/as1492534,4.0,2025-03-16 18:02:26.975148,https://www.homes.bg/api/offers?currencyId=1&filterOrderBy=0&locationId=1&typeId=ApartmentSell&neighbourhoods%5B%5D=515,homes.bg,95,2025-03-16,1492534,,,,
"Двустаен, 79m²",Необзаведен,227002.0,EUR,False, продажба,двустаен,София,жк. Стрелбище,,,,https://homes.bg/offer/apartament-za-prodazhba/dvustaen-79m2-sofiya-zhk.-strelbishte/as1578442,2.0,2025-03-16 18:02:26.975162,https://www.homes.bg/api/offers?currencyId=1&filterOrderBy=0&locationId=1&typeId=ApartmentSell&neighbourhoods%5B%5D=515,homes.bg,95,2025-03-16,1578442,,,,
"Тристаен, 123m²",Необзаведен,352736.0,EUR,False, продажба,тристаен,София,жк. Стрелбище,,,,https://homes.bg/offer/apartament-za-prodazhba/tristaen-123m2-sofiya-zhk.-strelbishte/as1578440,2.0,2025-03-16 18:02:26.975173,https://www.homes.bg/api/offers?currencyId=1&filterOrderBy=0&locationId=1&typeId=ApartmentSell&neighbourhoods%5B%5D=515,homes.bg,95,2025-03-16,1578440,,,,
"Едностаен, 123m²",Необзаведен,272824.0,EUR,False, продажба,едностаен,София,жк. Стрелбище,,,,https://homes.bg/offer/apartament-za-prodazhba/ednostaen-123m2-sofiya-zhk.-strelbishte/as1578426,2.0,2025-03-16 18:02:26.975183,https://www.homes.bg/api/offers?currencyId=1&filterOrderBy=0&locationId=1&typeId=ApartmentSell&neighbourhoods%5B%5D=515,homes.bg,95,2025-03-16,1578426,,,,
"Двустаен, 76m²",Необзаведен,218526.0,EUR,False, продажба,двустаен,София,жк. Стрелбище,,,,https://homes.bg/offer/apartament-za-prodazhba/dvustaen-76m2-sofiya-zhk.-strelbishte/as1613016,2.0,2025-03-16 18:02:26.975194,https://www.homes.bg/api/offers?currencyId=1&filterOrderBy=0&locationId=1&typeId=ApartmentSell&neighbourhoods%5B%5D=515,homes.bg,95,2025-03-16,1613016,,,,
"Тристаен, 123m²",Необзаведен,352736.0,EUR,False, продажба,тристаен,София,жк. Стрелбище,,,,https://homes.bg/offer/apartament-za-prodazhba/tristaen-123m2-sofiya-zhk.-strelbishte/as1613018,2.0,2025-03-16 18:02:26.975205,https://www.homes.bg/api/offers?currencyId=1&filterOrderBy=0&locationId=1&typeId=ApartmentSell&neighbourhoods%5B%5D=515,homes.bg,95,2025-03-16,1613018,,,,
"Тристаен, 133m²",Необзаведен,347257.0,EUR,False, продажба,тристаен,София,жк. Стрелбище,,,,https://homes.bg/offer/apartament-za-prodazhba/tristaen-133m2-sofiya-zhk.-strelbishte/as1578425,2.0,2025-03-16 18:02:26.975216,https://www.homes.bg/api/offers?currencyId=1&filterOrderBy=0&locationId=1&typeId=ApartmentSell&neighbourhoods%5B%5D=515,homes.bg,95,2025-03-16,1578425,,,,
"Двустаен, 73m²",Необзаведен,192616.0,EUR,False, продажба,двустаен,София,жк. Стрелбище,,,,https://homes.bg/offer/apartament-za-prodazhba/dvustaen-73m2-sofiya-zhk.-strelbishte/as1578457,2.0,2025-03-16 18:02:26.975227,https://www.homes.bg/api/offers?currencyId=1&filterOrderBy=0&locationId=1&typeId=ApartmentSell&neighbourhoods%5B%5D=515,homes.bg,95,2025-03-16,1578457,,,,
"Тристаен, 98m²",Необзаведен,281078.0,EUR,False, продажба,тристаен,София,жк. Стрелбище,,,,https://homes.bg/offer/apartament-za-prodazhba/tristaen-98m2-sofiya-zhk.-strelbishte/as1578456,2.0,2025-03-16 18:02:26.975238,https://www.homes.bg/api/offers?currencyId=1&filterOrderBy=0&locationId=1&typeId=ApartmentSell&neighbourhoods%5B%5D=515,homes.bg,95,2025-03-16,1578456,,,,
"Двустаен, 98m²",Необзаведен,252467.0,EUR,False, продажба,двустаен,София,жк. Стрелбище,,,,https://homes.bg/offer/apartament-za-prodazhba/dvustaen-98m2-sofiya-zhk.-strelbishte/as1578455,2.0,2025-03-16 18:02:26.975252,https://www.homes.bg/api/offers?currencyId=1&filterOrderBy=0&locationId=1&typeId=ApartmentSell&neighbourhoods%5B%5D=515,homes.bg,95,2025-03-16,1578455,,,,
"Двустаен, 85m²",Необзаведен,242399.0,EUR,False, продажба,двустаен,София,жк. Стрелбище,,,,https://homes.bg/offer/apartament-za-prodazhba/dvustaen-85m2-sofiya-zhk.-strelbishte/as1578438,2.0,2025-03-16 18:02:26.975263,https://www.homes.bg/api/offers?currencyId=1&filterOrderBy=0&locationId=1&typeId=ApartmentSell&neighbourhoods%5B%5D=515,homes.bg,95,2025-03-16,1578438,,,,
"Тристаен, 130m²",Необзаведен,370465.0,EUR,False, продажба,тристаен,София,жк. Стрелбище,,,,https://homes.bg/offer/apartament-za-prodazhba/tristaen-130m2-sofiya-zhk.-strelbishte/as1578439,2.0,2025-03-16 18:02:26.975274,https://www.homes.bg/api/offers?currencyId=1&filterOrderBy=0&locationId=1&typeId=ApartmentSell&neighbourhoods%5B%5D=515,homes.bg,95,2025-03-16,1578439,,,,
"Двустаен, 85m²",Необзаведен,242399.0,EUR,False, продажба,двустаен,София,жк. Стрелбище,,,,https://homes.bg/offer/apartament-za-prodazhba/dvustaen-85m2-sofiya-zhk.-strelbishte/as1578430,2.0,2025-03-16 18:02:26.975287,https://www.homes.bg/api/offers?currencyId=1&filterOrderBy=0&locationId=1&typeId=ApartmentSell&neighbourhoods%5B%5D=515,homes.bg,95,2025-03-16,1578430,,,,
"Тристаен, 130m²",Необзаведен,370456.0,EUR,False, продажба,тристаен,София,жк. Стрелбище,,,,https://homes.bg/offer/apartament-za-prodazhba/tristaen-130m2-sofiya-zhk.-strelbishte/as1582642,2.0,2025-03-16 18:02:26.975298,https://www.homes.bg/api/offers?currencyId=1&filterOrderBy=0&locationId=1&typeId=ApartmentSell&neighbourhoods%5B%5D=515,homes.bg,95,2025-03-16,1582642,,,,
"Многостаен, 114m²","Тухла, Полуобзаведен, ТЕЦ",370000.0,EUR,False, продажба,многостаен,София,жк. Стрелбище,,,,https://homes.bg/offer/apartament-za-prodazhba/mnogostaen-114m2-sofiya-zhk.-strelbishte/as1599558,10.0,2025-03-16 18:02:26.975311,https://www.homes.bg/api/offers?currencyId=1&filterOrderBy=0&locationId=1&typeId=ApartmentSell&neighbourhoods%5B%5D=515,homes.bg,95,2025-03-16,1599558,,,,
"Двустаен, 85m²","Тухла, ТЕЦ",242399.0,EUR,False, продажба,двустаен,София,жк. Стрелбище,,,,https://homes.bg/offer/apartament-za-prodazhba/dvustaen-85m2-sofiya-zhk.-strelbishte/as1598988,2.0,2025-03-16 18:02:26.975323,https://www.homes.bg/api/offers?currencyId=1&filterOrderBy=0&locationId=1&typeId=ApartmentSell&neighbourhoods%5B%5D=515,homes.bg,95,2025-03-16,1598988,,,,
"Тристаен, 132m²","Тухла, ТЕЦ",347257.0,EUR,False, продажба,тристаен,София,жк. Стрелбище,,,,https://homes.bg/offer/apartament-za-prodazhba/tristaen-132m2-sofiya-zhk.-strelbishte/as1589086,2.0,2025-03-16 18:02:26.975334,https://www.homes.bg/api/offers?currencyId=1&filterOrderBy=0&locationId=1&typeId=ApartmentSell&neighbourhoods%5B%5D=515,homes.bg,95,2025-03-16,1589086,,,,
"Тристаен, 130m²","Тухла, ТЕЦ",370465.0,EUR,False, продажба,тристаен,София,жк. Стрелбище,,,,https://homes.bg/offer/apartament-za-prodazhba/tristaen-130m2-sofiya-zhk.-strelbishte/as1589080,2.0,2025-03-16 18:02:26.975345,https://www.homes.bg/api/offers?currencyId=1&filterOrderBy=0&locationId=1&typeId=ApartmentSell&neighbourhoods%5B%5D=515,homes.bg,95,2025-03-16,1589080,,,,
"Тристаен, 123m²","Тухла, ТЕЦ",352736.0,EUR,False, продажба,тристаен,София,жк. Стрелбище,,,,https://homes.bg/offer/apartament-za-prodazhba/tristaen-123m2-sofiya-zhk.-strelbishte/as1589081,2.0,2025-03-16 18:02:26.975355,https://www.homes.bg/api/offers?currencyId=1&filterOrderBy=0&locationId=1&typeId=ApartmentSell&neighbourhoods%5B%5D=515,homes.bg,95,2025-03-16,1589081,,,,
"Двустаен, 76m²","Тухла, ТЕЦ",218526.0,EUR,False, продажба,двустаен,София,жк. Стрелбище,,,,https://homes.bg/offer/apartament-za-prodazhba/dvustaen-76m2-sofiya-zhk.-strelbishte/as1589082,2.0,2025-03-16 18:02:26.975366,https://www.homes.bg/api/offers?currencyId=1&filterOrderBy=0&locationId=1&typeId=ApartmentSell&neighbourhoods%5B%5D=515,homes.bg,95,2025-03-16,1589082,,,,
"Тристаен, 98m²","Тухла, ТЕЦ",281078.0,EUR,False, продажба,тристаен,София,жк. Стрелбище,,,,https://homes.bg/offer/apartament-za-prodazhba/tristaen-98m2-sofiya-zhk.-strelbishte/as1589088,2.0,2025-03-16 18:02:26.975377,https://www.homes.bg/api/offers?currencyId=1&filterOrderBy=0&locationId=1&typeId=ApartmentSell&neighbourhoods%5B%5D=515,homes.bg,95,2025-03-16,1589088,,,,
"Двустаен, 85m²","Тухла, ТЕЦ",242399.0,EUR,False, продажба,двустаен,София,жк. Стрелбище,,,,https://homes.bg/offer/apartament-za-prodazhba/dvustaen-85m2-sofiya-zhk.-strelbishte/as1598987,2.0,2025-03-16 18:02:26.975405,https://www.homes.bg/api/offers?currencyId=1&filterOrderBy=0&locationId=1&typeId=ApartmentSell&neighbourhoods%5B%5D=515,homes.bg,95,2025-03-16,1598987,,,,
"Едностаен, 50m²","Тухла, ТЕЦ",133377.0,EUR,False, продажба,едностаен,София,жк. Стрелбище,,,,https://homes.bg/offer/apartament-za-prodazhba/ednostaen-50m2-sofiya-zhk.-strelbishte/as1591852,2.0,2025-03-16 18:02:26.975417,https://www.homes.bg/api/offers?currencyId=1&filterOrderBy=0&locationId=1&typeId=ApartmentSell&neighbourhoods%5B%5D=515,homes.bg,95,2025-03-16,1591852,,,,
"Двустаен, 72m²","Тухла, ТЕЦ",192616.0,EUR,False, продажба,двустаен,София,жк. Стрелбище,,,,https://homes.bg/offer/apartament-za-prodazhba/dvustaen-72m2-sofiya-zhk.-strelbishte/as1589084,2.0,2025-03-16 18:02:26.975428,https://www.homes.bg/api/offers?currencyId=1&filterOrderBy=0&locationId=1&typeId=ApartmentSell&neighbourhoods%5B%5D=515,homes.bg,95,2025-03-16,1589084,,,,
"Едностаен, 123m²","Тухла, ТЕЦ",272824.0,EUR,False, продажба,едностаен,София,жк. Стрелбище,,,,https://homes.bg/offer/apartament-za-prodazhba/ednostaen-123m2-sofiya-zhk.-strelbishte/as1589085,2.0,2025-03-16 18:02:26.975439,https://www.homes.bg/api/offers?currencyId=1&filterOrderBy=0&locationId=1&typeId=ApartmentSell&neighbourhoods%5B%5D=515,homes.bg,95,2025-03-16,1589085,,,,
"Двустаен, 98m²","Тухла, ТЕЦ",252467.0,EUR,False, продажба,двустаен,София,жк. Стрелбище,,,,https://homes.bg/offer/apartament-za-prodazhba/dvustaen-98m2-sofiya-zhk.-strelbishte/as1589089,2.0,2025-03-16 18:02:26.975450,https://www.homes.bg/api/offers?currencyId=1&filterOrderBy=0&locationId=1&typeId=ApartmentSell&neighbourhoods%5B%5D=515,homes.bg,95,2025-03-16,1589089,,,,
"Двустаен, 85m²","Тухла, ТЕЦ",242399.0,EUR,False, продажба,двустаен,София,жк. Стрелбище,,,,https://homes.bg/offer/apartament-za-prodazhba/dvustaen-85m2-sofiya-zhk.-strelbishte/as1589070,2.0,2025-03-16 18:02:26.975461,https://www.homes.bg/api/offers?currencyId=1&filterOrderBy=0&locationId=1&typeId=ApartmentSell&neighbourhoods%5B%5D=515,homes.bg,95,2025-03-16,1589070,,,,
"Тристаен, 130m²","Тухла, ТЕЦ",370465.0,EUR,False, продажба,тристаен,София,жк. Стрелбище,,,,https://homes.bg/offer/apartament-za-prodazhba/tristaen-130m2-sofiya-zhk.-strelbishte/as1589079,2.0,2025-03-16 18:02:26.975473,https://www.homes.bg/api/offers?currencyId=1&filterOrderBy=0&locationId=1&typeId=ApartmentSell&neighbourhoods%5B%5D=515,homes.bg,95,2025-03-16,1589079,,,,
"Двустаен, 80m²","Тухла, ТЕЦ",227000.0,EUR,False, продажба,двустаен,София,жк. Стрелбище,,,,https://homes.bg/offer/apartament-za-prodazhba/dvustaen-80m2-sofiya-zhk.-strelbishte/as1591853,2.0,2025-03-16 18:02:26.975484,https://www.homes.bg/api/offers?currencyId=1&filterOrderBy=0&locationId=1&typeId=ApartmentSell&neighbourhoods%5B%5D=515,homes.bg,95,2025-03-16,1591853,,,,
"Четиристаен, 105m²","Тухла, Обзаведен, ТЕЦ",369000.0,EUR,False, продажба,четиристаен,София,жк. Стрелбище,,,,https://homes.bg/offer/apartament-za-prodazhba/chetiristaen-105m2-sofiya-zhk.-strelbishte/as1613857,9.0,2025-03-16 18:02:26.975500,https://www.homes.bg/api/offers?currencyId=1&filterOrderBy=0&locationId=1&typeId=ApartmentSell&neighbourhoods%5B%5D=515,homes.bg,95,2025-03-16,1613857,,,,
"Тристаен, 78m²","ЕПК, ТЕЦ",220000.0,EUR,False, продажба,тристаен,София,жк. Стрелбище,,,,https://homes.bg/offer/apartament-za-prodazhba/tristaen-78m2-sofiya-zhk.-strelbishte/as1603303,10.0,2025-03-16 18:02:26.975516,https://www.homes.bg/api/offers?currencyId=1&filterOrderBy=0&locationId=1&typeId=ApartmentSell&neighbourhoods%5B%5D=515,homes.bg,95,2025-03-16,1603303,,,,
"Тристаен, 124m²","Тухла, ТЕЦ",352736.0,EUR,False, продажба,тристаен,София,жк. Стрелбище,,,,https://homes.bg/offer/apartament-za-prodazhba/tristaen-124m2-sofiya-zhk.-strelbishte/as1579538,2.0,2025-03-16 18:02:26.975528,https://www.homes.bg/api/offers?currencyId=1&filterOrderBy=0&locationId=1&typeId=ApartmentSell&neighbourhoods%5B%5D=515,homes.bg,95,2025-03-16,1579538,,,,
"Двустаен, 63m²","Тухла, Необзаведен, ТЕЦ",192617.0,EUR,False, продажба,двустаен,София,жк. Стрелбище,,,,https://homes.bg/offer/apartament-za-prodazhba/dvustaen-63m2-sofiya-zhk.-strelbishte/as1579535,2.0,2025-03-16 18:02:26.975539,https://www.homes.bg/api/offers?currencyId=1&filterOrderBy=0&locationId=1&typeId=ApartmentSell&neighbourhoods%5B%5D=515,homes.bg,95,2025-03-16,1579535,,,,
"Тристаен, 98m²","Тухла, Необзаведен, ТЕЦ",281078.0,EUR,False, продажба,тристаен,София,жк. Стрелбище,,,,https://homes.bg/offer/apartament-za-prodazhba/tristaen-98m2-sofiya-zhk.-strelbishte/as1579537,2.0,2025-03-16 18:02:26.975551,https://www.homes.bg/api/offers?currencyId=1&filterOrderBy=0&locationId=1&typeId=ApartmentSell&neighbourhoods%5B%5D=515,homes.bg,95,2025-03-16,1579537,,,,
"Тристаен, 140m²","Тухла, Електричество",495000.0,EUR,False, продажба,тристаен,София,жк. Стрелбище,,,,https://homes.bg/offer/apartament-za-prodazhba/tristaen-140m2-sofiya-zhk.-strelbishte/as1613869,2.0,2025-03-16 18:02:26.975562,https://www.homes.bg/api/offers?currencyId=1&filterOrderBy=0&locationId=1&typeId=ApartmentSell&neighbourhoods%5B%5D=515,homes.bg,95,2025-03-16,1613869,,,,
"Мезонет, 315m²","Тухла, Електричество",1104425.0,EUR,False, продажба,мезонет,София,жк. Стрелбище,,,,https://homes.bg/offer/apartament-za-prodazhba/mezonet-315m2-sofiya-zhk.-strelbishte/as1613868,3.0,2025-03-16 18:02:26.975574,https://www.homes.bg/api/offers?currencyId=1&filterOrderBy=0&locationId=1&typeId=ApartmentSell&neighbourhoods%5B%5D=515,homes.bg,95,2025-03-16,1613868,,,,
"Тристаен, 84m²",Обзаведен,303000.0,EUR,False, продажба,тристаен,София,жк. Стрелбище,,,,https://homes.bg/offer/apartament-za-prodazhba/tristaen-84m2-sofiya-zhk.-strelbishte/as1468053,7.0,2025-03-16 18:02:26.975589,https://www.homes.bg/api/offers?currencyId=1&filterOrderBy=0&locationId=1&typeId=ApartmentSell&neighbourhoods%5B%5D=515,homes.bg,95,2025-03-16,1468053,,,,
"Двустаен, 74m²","Тухла, Обзаведен, Електричество",310000.0,EUR,False, продажба,двустаен,София,жк. Стрелбище,,,,https://homes.bg/offer/apartament-za-prodazhba/dvustaen-74m2-sofiya-zhk.-strelbishte/as1498935,10.0,2025-03-16 18:02:26.975603,https://www.homes.bg/api/offers?currencyId=1&filterOrderBy=0&locationId=1&typeId=ApartmentSell&neighbourhoods%5B%5D=515,homes.bg,95,2025-03-16,1498935,,,,
"Тристаен, 89m²","Панел, Обзаведен, ТЕЦ",229000.0,EUR,False, продажба,тристаен,София,жк. Стрелбище,,,,https://homes.bg/offer/apartament-za-prodazhba/tristaen-89m2-sofiya-zhk.-strelbishte/as1612224,10.0,2025-03-16 18:02:26.975617,https://www.homes.bg/api/offers?currencyId=1&filterOrderBy=0&locationId=1&typeId=ApartmentSell&neighbourhoods%5B%5D=515,homes.bg,95,2025-03-16,1612224,,,,
"Тристаен, 100m²","Тухла, Обзаведен, Електричество",369999.0,EUR,False, продажба,тристаен,София,жк. Стрелбище,,,,https://homes.bg/offer/apartament-za-prodazhba/tristaen-100m2-sofiya-zhk.-strelbishte/as1612438,10.0,2025-03-16 18:02:26.975632,https://www.homes.bg/api/offers?currencyId=1&filterOrderBy=0&locationId=1&typeId=ApartmentSell&neighbourhoods%5B%5D=515,homes.bg,95,2025-03-16,1612438,,,,
"Двустаен, 70m²","Тухла, Обзаведен, ТЕЦ",248000.0,EUR,False, продажба,двустаен,София,жк. Стрелбище,,,,https://homes.bg/offer/apartament-za-prodazhba/dvustaen-70m2-sofiya-zhk.-strelbishte/as1611551,8.0,2025-03-16 18:02:26.975670,https://www.homes.bg/api/offers?currencyId=1&filterOrderBy=0&locationId=1&typeId=ApartmentSell&neighbourhoods%5B%5D=515,homes.bg,95,2025-03-16,1611551,,,,
"Тристаен, 98m²","Тухла, Необзаведен, ТЕЦ",281078.0,EUR,False, продажба,тристаен,София,жк. Стрелбище,,,,https://homes.bg/offer/apartament-za-prodazhba/tristaen-98m2-sofiya-zhk.-strelbishte/as1612220,2.0,2025-03-16 18:02:26.975689,https://www.homes.bg/api/offers?currencyId=1&filterOrderBy=0&locationId=1&typeId=ApartmentSell&neighbourhoods%5B%5D=515,homes.bg,95,2025-03-16,1612220,,,,
"Тристаен, 133m²","Тухла, Необзаведен, ТЕЦ",347257.0,EUR,False, продажба,тристаен,София,жк. Стрелбище,,,,https://homes.bg/offer/apartament-za-prodazhba/tristaen-133m2-sofiya-zhk.-strelbishte/as1612218,2.0,2025-03-16 18:02:26.975701,https://www.homes.bg/api/offers?currencyId=1&filterOrderBy=0&locationId=1&typeId=ApartmentSell&neighbourhoods%5B%5D=515,homes.bg,95,2025-03-16,1612218,,,,
"Тристаен, 130m²","Тухла, Необзаведен, ТЕЦ",370465.0,EUR,False, продажба,тристаен,София,жк. Стрелбище,,,,https://homes.bg/offer/apartament-za-prodazhba/tristaen-130m2-sofiya-zhk.-strelbishte/as1612215,2.0,2025-03-16 18:02:26.975713,https://www.homes.bg/api/offers?currencyId=1&filterOrderBy=0&locationId=1&typeId=ApartmentSell&neighbourhoods%5B%5D=515,homes.bg,95,2025-03-16,1612215,,,,
"Тристаен, 123m²","Тухла, Необзаведен, ТЕЦ",352736.0,EUR,False, продажба,тристаен,София,жк. Стрелбище,,,,https://homes.bg/offer/apartament-za-prodazhba/tristaen-123m2-sofiya-zhk.-strelbishte/as1612213,2.0,2025-03-16 18:02:26.975725,https://www.homes.bg/api/offers?currencyId=1&filterOrderBy=0&locationId=1&typeId=ApartmentSell&neighbourhoods%5B%5D=515,homes.bg,95,2025-03-16,1612213,,,,
"Двустаен, 98m²","Тухла, Необзаведен, ТЕЦ",252467.0,EUR,False, продажба,двустаен,София,жк. Стрелбище,,,,https://homes.bg/offer/apartament-za-prodazhba/dvustaen-98m2-sofiya-zhk.-strelbishte/as1612211,2.0,2025-03-16 18:02:26.975735,https://www.homes.bg/api/offers?currencyId=1&filterOrderBy=0&locationId=1&typeId=ApartmentSell&neighbourhoods%5B%5D=515,homes.bg,95,2025-03-16,1612211,,,,
"Двустаен, 79m²","Тухла, Необзаведен, ТЕЦ",227002.0,EUR,False, продажба,двустаен,София,жк. Стрелбище,,,,https://homes.bg/offer/apartament-za-prodazhba/dvustaen-79m2-sofiya-zhk.-strelbishte/as1610309,2.0,2025-03-16 18:02:26.975746,https://www.homes.bg/api/offers?currencyId=1&filterOrderBy=0&locationId=1&typeId=ApartmentSell&neighbourhoods%5B%5D=515,homes.bg,95,2025-03-16,1610309,,,,
"Двустаен, 85m²","Тухла, Необзаведен, ТЕЦ",242399.0,EUR,False, продажба,двустаен,София,жк. Стрелбище,,,,https://homes.bg/offer/apartament-za-prodazhba/dvustaen-85m2-sofiya-zhk.-strelbishte/as1610290,2.0,2025-03-16 18:02:26.975757,https://www.homes.bg/api/offers?currencyId=1&filterOrderBy=0&locationId=1&typeId=ApartmentSell&neighbourhoods%5B%5D=515,homes.bg,95,2025-03-16,1610290,,,,
"Двустаен, 76m²","Тухла, Необзаведен, ТЕЦ",218526.0,EUR,False, продажба,двустаен,София,жк. Стрелбище,,,,https://homes.bg/offer/apartament-za-prodazhba/dvustaen-76m2-sofiya-zhk.-strelbishte/as1610289,2.0,2025-03-16 18:02:26.975769,https://www.homes.bg/api/offers?currencyId=1&filterOrderBy=0&locationId=1&typeId=ApartmentSell&neighbourhoods%5B%5D=515,homes.bg,95,2025-03-16,1610289,,,,
"Двустаен, 73m²","Тухла, Необзаведен, ТЕЦ",192617.0,EUR,False, продажба,двустаен,София,жк. Стрелбище,,,,https://homes.bg/offer/apartament-za-prodazhba/dvustaen-73m2-sofiya-zhk.-strelbishte/as1610286,2.0,2025-03-16 18:02:26.975780,https://www.homes.bg/api/offers?currencyId=1&filterOrderBy=0&locationId=1&typeId=ApartmentSell&neighbourhoods%5B%5D=515,homes.bg,95,2025-03-16,1610286,,,,
"Едностаен, 123m²","Тухла, Необзаведен, ТЕЦ",272824.0,EUR,False, продажба,едностаен,София,жк. Стрелбище,,,,https://homes.bg/offer/apartament-za-prodazhba/ednostaen-123m2-sofiya-zhk.-strelbishte/as1610283,2.0,2025-03-16 18:02:26.975796,https://www.homes.bg/api/offers?currencyId=1&filterOrderBy=0&locationId=1&typeId=ApartmentSell&neighbourhoods%5B%5D=515,homes.bg,95,2025-03-16,1610283,,,,
"Едностаен, 51m²","Тухла, Необзаведен, ТЕЦ",133377.0,EUR,False, продажба,едностаен,София,жк. Стрелбище,,,,https://homes.bg/offer/apartament-za-prodazhba/ednostaen-51m2-sofiya-zhk.-strelbishte/as1609750,2.0,2025-03-16 18:02:26.975809,https://www.homes.bg/api/offers?currencyId=1&filterOrderBy=0&locationId=1&typeId=ApartmentSell&neighbourhoods%5B%5D=515,homes.bg,95,2025-03-16,1609750,,,,
"Многостаен, 216m²","Тухла, Обзаведен, Прокарва се",790000.0,EUR,False, продажба,многостаен,София,жк. Стрелбище,,,,https://homes.bg/offer/apartament-za-prodazhba/mnogostaen-216m2-sofiya-zhk.-strelbishte/as1540353,10.0,2025-03-16 18:02:26.975824,https://www.homes.bg/api/offers?currencyId=1&filterOrderBy=0&locationId=1&typeId=ApartmentSell&neighbourhoods%5B%5D=515,homes.bg,95,2025-03-16,1540353,,,,
"Тристаен, 96m²","Тухла, Необзаведен, ТЕЦ",340000.0,EUR,False, продажба,тристаен,София,жк. Стрелбище,,,,https://homes.bg/offer/apartament-za-prodazhba/tristaen-96m2-sofiya-zhk.-strelbishte/as1606451,10.0,2025-03-16 18:02:26.975839,https://www.homes.bg/api/offers?currencyId=1&filterOrderBy=0&locationId=1&typeId=ApartmentSell&neighbourhoods%5B%5D=515,homes.bg,95,2025-03-16,1606451,,,,
"Тристаен, 89m²","Панел, ТЕЦ",249000.0,EUR,False, продажба,тристаен,София,жк. Стрелбище,,,,https://homes.bg/offer/apartament-za-prodazhba/tristaen-89m2-sofiya-zhk.-strelbishte/as1605874,7.0,2025-03-16 18:02:26.975852,https://www.homes.bg/api/offers?currencyId=1&filterOrderBy=0&locationId=1&typeId=ApartmentSell&neighbourhoods%5B%5D=515,homes.bg,95,2025-03-16,1605874,,,,
"Тристаен, 73m²","ЕПК, Обзаведен",219990.0,EUR,False, продажба,тристаен,София,жк. Стрелбище,,,,https://homes.bg/offer/apartament-za-prodazhba/tristaen-73m2-sofiya-zhk.-strelbishte/as1605849,10.0,2025-03-16 18:02:26.975869,https://www.homes.bg/api/offers?currencyId=1&filterOrderBy=0&locationId=1&typeId=ApartmentSell&neighbourhoods%5B%5D=515,homes.bg,95,2025-03-16,1605849,,,,
"Тристаен, 110m²","Тухла, Полуобзаведен, ТЕЦ",340000.0,EUR,False, продажба,тристаен,София,жк. Стрелбище,,,,https://homes.bg/offer/apartament-za-prodazhba/tristaen-110m2-sofiya-zhk.-strelbishte/as1606170,4.0,2025-03-16 18:02:26.975882,https://www.homes.bg/api/offers?currencyId=1&filterOrderBy=0&locationId=1&typeId=ApartmentSell&neighbourhoods%5B%5D=515,homes.bg,95,2025-03-16,1606170,,,,
"Многостаен, 190m²","Тухла, Обзаведен, Електричество",379999.0,EUR,False, продажба,многостаен,София,жк. Стрелбище,,,,https://homes.bg/offer/apartament-za-prodazhba/mnogostaen-190m2-sofiya-zhk.-strelbishte/as1596222,10.0,2025-03-16 18:02:26.975895,https://www.homes.bg/api/offers?currencyId=1&filterOrderBy=0&locationId=1&typeId=ApartmentSell&neighbourhoods%5B%5D=515,homes.bg,95,2025-03-16,1596222,,,,
"Многостаен, 166m²","Тухла, Обзаведен, ТЕЦ",450000.0,EUR,False, продажба,многостаен,София,жк. Стрелбище,,,,https://homes.bg/offer/apartament-za-prodazhba/mnogostaen-166m2-sofiya-zhk.-strelbishte/as1602242,10.0,2025-03-16 18:02:26.975910,https://www.homes.bg/api/offers?currencyId=1&filterOrderBy=0&locationId=1&typeId=ApartmentSell&neighbourhoods%5B%5D=515,homes.bg,95,2025-03-16,1602242,,,,
"Едностаен, 67m²","Тухла, Необзаведен",193061.0,EUR,False, продажба,едностаен,София,жк. Стрелбище,,,,https://homes.bg/offer/apartament-za-prodazhba/ednostaen-67m2-sofiya-zhk.-strelbishte/as1599960,2.0,2025-03-16 18:02:26.975922,https://www.homes.bg/api/offers?currencyId=1&filterOrderBy=0&locationId=1&typeId=ApartmentSell&neighbourhoods%5B%5D=515,homes.bg,95,2025-03-16,1599960,,,,
"Тристаен, 110m²","Тухла, Необзаведен",315093.0,EUR,False, продажба,тристаен,София,жк. Стрелбище,,,,https://homes.bg/offer/apartament-za-prodazhba/tristaen-110m2-sofiya-zhk.-strelbishte/as1599959,2.0,2025-03-16 18:02:26.975936,https://www.homes.bg/api/offers?currencyId=1&filterOrderBy=0&locationId=1&typeId=ApartmentSell&neighbourhoods%5B%5D=515,homes.bg,95,2025-03-16,1599959,,,,
"Двустаен, 62m²","Тухла, Необзаведен, Електричество",192617.0,EUR,False, продажба,двустаен,София,жк. Стрелбище,,,,https://homes.bg/offer/apartament-za-prodazhba/dvustaen-62m2-sofiya-zhk.-strelbishte/as1593124,2.0,2025-03-16 18:02:26.975947,https://www.homes.bg/api/offers?currencyId=1&filterOrderBy=0&locationId=1&typeId=ApartmentSell&neighbourhoods%5B%5D=515,homes.bg,95,2025-03-16,1593124,,,,
"Тристаен, 102m²",Тухла,345000.0,EUR,False, продажба,тристаен,София,жк. Стрелбище,,,,https://homes.bg/offer/apartament-za-prodazhba/tristaen-102m2-sofiya-zhk.-strelbishte/as1565478,1.0,2025-03-16 18:02:26.975958,https://www.homes.bg/api/offers?currencyId=1&filterOrderBy=0&locationId=1&typeId=ApartmentSell&neighbourhoods%5B%5D=515,homes.bg,95,2025-03-16,1565478,,,,
"Четиристаен, 120m²","Тухла, Обзаведен, Локално отопление",345000.0,EUR,False, продажба,четиристаен,София,жк. Стрелбище,,,,https://homes.bg/offer/apartament-za-prodazhba/chetiristaen-120m2-sofiya-zhk.-strelbishte/as1253061,0.0,2025-03-16 18:02:26.975967,https://www.homes.bg/api/offers?currencyId=1&filterOrderBy=0&locationId=1&typeId=ApartmentSell&neighbourhoods%5B%5D=515,homes.bg,95,2025-03-16,1253061,,,,
"Многостаен, 200m²","Тухла, Обзаведен, Електричество",380000.0,EUR,False, продажба,многостаен,София,жк. Стрелбище,,,,https://homes.bg/offer/apartament-za-prodazhba/mnogostaen-200m2-sofiya-zhk.-strelbishte/as1411892,10.0,2025-03-16 18:02:26.975982,https://www.homes.bg/api/offers?currencyId=1&filterOrderBy=0&locationId=1&typeId=ApartmentSell&neighbourhoods%5B%5D=515,homes.bg,95,2025-03-16,1411892,,,,
"Едностаен, 48m²","Панел, Полуобзаведен, ТЕЦ",129000.0,EUR,False, продажба,едностаен,София,жк. Стрелбище,,,,https://homes.bg/offer/apartament-za-prodazhba/ednostaen-48m2-sofiya-zhk.-strelbishte/as1555094,7.0,2025-03-16 18:02:26.975995,https://www.homes.bg/api/offers?currencyId=1&filterOrderBy=0&locationId=1&typeId=ApartmentSell&neighbourhoods%5B%5D=515,homes.bg,95,2025-03-16,1555094,,,,
"Двустаен, 65m²","Панел, Обзаведен, ТЕЦ",169000.0,EUR,False, продажба,двустаен,София,жк. Стрелбище,,,,https://homes.bg/offer/apartament-za-prodazhba/dvustaen-65m2-sofiya-zhk.-strelbishte/as1553603,10.0,2025-03-16 18:02:26.976013,https://www.homes.bg/api/offers?currencyId=1&filterOrderBy=0&locationId=1&typeId=ApartmentSell&neighbourhoods%5B%5D=515,homes.bg,95,2025-03-16,1553603,,,,
"Двустаен, 46m²","ЕПК, Обзаведен, Електричество",110000.0,EUR,False, продажба,двустаен,София,жк. Стрелбище,,,,https://homes.bg/offer/apartament-za-prodazhba/dvustaen-46m2-sofiya-zhk.-strelbishte/as1455039,7.0,2025-03-16 18:02:26.976027,https://www.homes.bg/api/offers?currencyId=1&filterOrderBy=0&locationId=1&typeId=ApartmentSell&neighbourhoods%5B%5D=515,homes.bg,95,2025-03-16,1455039,,,,
"Тристаен, 80m²","Панел, Необзаведен, ТЕЦ",220000.0,EUR,False, продажба,тристаен,София,жк. Стрелбище,,,,https://homes.bg/offer/apartament-za-prodazhba/tristaen-80m2-sofiya-zhk.-strelbishte/as1581007,0.0,2025-03-16 18:02:26.976037,https://www.homes.bg/api/offers?currencyId=1&filterOrderBy=0&locationId=1&typeId=ApartmentSell&neighbourhoods%5B%5D=515,homes.bg,95,2025-03-16,1581007,,,,
