raw_title,raw_description,price,currency,without_dds,offer_type,property_type,city,neighborhood,contact_info,agency,agency_url,details_url,num_photos,date_time_added,search_url,site,total_offers,ref_no,time,price_per_m2,area,floor,fingerprint_hash
"Мезонет, 253m²","Тухла, Обзаведен, Без отопление",499990.0,EUR,False, продажба,мезонет,,,,,,,10,,,homesbg,,,вчера,,,,c597382ac490813272b8232084252ee7
"Тристаен, 95m²",Панел,395000.0,EUR,False, продажба,тристаен,,,,,,,8,,,homesbg,,,вчера,,,,90c32ac028d0df2135f0f6ef1b502dd2
"Тристаен, 110m²",Тухла,349900.0,EUR,False, продажба,тристаен,,,,,,,4,,,homesbg,,,вчера,,,,d5a7596af0e7458ebf80e164df46199f
"Тристаен, 170m²","Тухла, Необзаведен",500000.0,EUR,False, продажба,тристаен,,,,,,,10,,,homesbg,,,вчера,,,,b652c212f32c7b845d794e36cd503487
"Четиристаен, 210m²","Тухла, Обзаведен, ТЕЦ",615000.0,EUR,False, продажба,четиристаен,,,,,,,10,,,homesbg,,,вчера,,,,b79831a1f6898f6dbb5f2b6f1b3c61e2
"Четиристаен, 246m²","Тухла, Обзаведен, Локално отопление",0.0,EUR,False, продажба,четиристаен,,,,,,,10,,,homesbg,,,вчера,,,,a876cf60de5b8cdb159fd9224cfceac5
"Мезонет, 255m²","Тухла, Полуобзаведен, ТЕЦ",0.0,EUR,False, продажба,мезонет,,,,,,,10,,,homesbg,,,вчера,,,,1a2424ef169cdc262fe9b06c77ef3dc5
"Тристаен, 117m²",Тухла,389004.0,EUR,False, продажба,тристаен,,,,,,,2,,,homesbg,,,вчера,,,,b6289b8784ab88a14b3a2c08a2fb52c7
"Четиристаен, 120m²","Тухла, Електричество",475000.0,EUR,False, продажба,четиристаен,,,,,,,10,,,homesbg,,,вчера,,,,cdc38b2610b0f2ea14e70d39edd277ee
"Двустаен, 98m²","Тухла, Електричество",400000.0,EUR,False, продажба,двустаен,,,,,,,10,,,homesbg,,,вчера,,,,b1b54bc5472b912fd3f7608179d1baf2
"Тристаен, 128m²","Тухла, Електричество",432500.0,EUR,False, продажба,тристаен,,,,,,,10,,,homesbg,,,вчера,,,,0cbc6038f45a9d6e8f9471c213886d81
"Многостаен, 168m²","Тухла, ТЕЦ",500000.0,EUR,False, продажба,многостаен,,,,,,,4,,,homesbg,,,вчера,,,,c583c69ebbe9ca4f69dc3ab60d9ac7c8
"Четиристаен, 181m²",Тухла,1049280.0,EUR,False, продажба,четиристаен,,,,,,,8,,,homesbg,,,вчера,,,,24aba84fdc3453b4f6f859fdacb0d199
"Тристаен, 130m²",Тухла,430400.0,EUR,False, продажба,тристаен,,,,,,,10,,,homesbg,,,вчера,,,,db6d16a2a2288e92a5dee739002be8ee
"Тристаен, 110m²","Обзаведен, ТЕЦ",349900.0,EUR,False, продажба,тристаен,,,,,,,10,,,homesbg,,,вчера,,,,d5a7596af0e7458ebf80e164df46199f
"Двустаен, 55m²","Тухла, Обзаведен, ТЕЦ",225000.0,EUR,False, продажба,двустаен,,,,,,,9,,,homesbg,,,вчера,,,,9f99aabb4ea44ef50b737cd9733d7a0d
"Тристаен, 130m²","Тухла, Електричество",453600.0,EUR,False, продажба,тристаен,,,,,,,10,,,homesbg,,,вчера,,,,a7e76172654a667aa248256e2a01f53b
"Тристаен, 128m²","Тухла, Електричество",413700.0,EUR,False, продажба,тристаен,,,,,,,10,,,homesbg,,,вчера,,,,81690dcff57b0302fa3841d2ddc01105
"Многостаен, 168m²","Тухла, Електричество",580000.0,EUR,False, продажба,многостаен,,,,,,,10,,,homesbg,,,вчера,,,,9f36b5f708038d839594f083f946c638
"Четиристаен, 168m²","Тухла, ТЕЦ",580000.0,EUR,False, продажба,четиристаен,,,,,,,10,,,homesbg,,,вчера,,,,b72bfee024700fa9519303f58b00ef83
"Тристаен, 96m²","Обзаведен, ТЕЦ",362700.0,EUR,False, продажба,тристаен,,,,,,,10,,,homesbg,,,,,,,bf543b027b362c5754c13f78a66bcd1a
"Тристаен, 133m²","Тухла, Обзаведен, Локално отопление",532000.0,EUR,False, продажба,тристаен,,,,,,,10,,,homesbg,,,,,,,f9a4a2c205b4a918afcc6a15536f9357
"Тристаен, 128m²","Необзаведен, Електричество",432500.0,EUR,False, продажба,тристаен,,,,,,,10,,,homesbg,,,,,,,0cbc6038f45a9d6e8f9471c213886d81
"Тристаен, 91m²","Тухла, Полуобзаведен, Електричество",369000.0,EUR,False, продажба,тристаен,,,,,,,6,,,homesbg,,,,,,,939aa6839b9f84fb6578344f93e08d43
"Двустаен, 65m²","Тухла, Обзаведен, ТЕЦ",249000.0,EUR,False, продажба,двустаен,,,,,,,10,,,homesbg,,,,,,,4fc6e9dba25b73c90394b320548c7908
"Двустаен, 68m²","Тухла, Обзаведен, ТЕЦ",310000.0,EUR,False, продажба,двустаен,,,,,,,10,,,homesbg,,,,,,,894ecf555270e5e7a74387c9ff39b549
"Тристаен, 111m²","ЕПК, Полуобзаведен, ТЕЦ",420000.0,EUR,False, продажба,тристаен,,,,,,,10,,,homesbg,,,,,,,01667c57b14f24f9e1177d292d0b19f7
"Тристаен, 88m²","Тухла, Необзаведен, Електричество",479999.0,EUR,False, продажба,тристаен,,,,,,,10,,,homesbg,,,,,,,7a0a08ed0f471fae0f2b9d9e767bd9ff
"Гараж, 20m²",Панел,51200.0,EUR,False, продажба,гараж,,,,,,,4,,,homesbg,,,,,,,e3f36b33fb6f1a4c54a6a48bb575f53d
"Тристаен, 201m²","Тухла, Необзаведен, ТЕЦ",603240.0,EUR,False, продажба,тристаен,,,,,,,10,,,homesbg,,,,,,,b1bb6b4519b0020a12bb30e6bee2cbce
"Гараж, 44m²",Тухла,112000.0,EUR,False, продажба,гараж,,,,,,,5,,,homesbg,,,,,,,b0d564050f9f115aeea6a8a93a0f4fb6
"Едностаен, 36m²","Тухла, Полуобзаведен, ТЕЦ",144000.0,EUR,False, продажба,едностаен,,,,,,,10,,,homesbg,,,,,,,cd4e32ebd46b499670f8a7a6a7231964
"Гараж, 29m²",Тухла,85000.0,EUR,False, продажба,гараж,,,,,,,3,,,homesbg,,,,,,,73199c61c8e7c40c894f9656bf36d91a
"Тристаен, 189m²","Тухла, ТЕЦ",680148.0,EUR,False, продажба,тристаен,,,,,,,9,,,homesbg,,,,,,,8a8509d3f207391dfb9448d9dd616f8a
"Двустаен, 92m²",Тухла,238000.0,EUR,False, продажба,двустаен,,,,,,,10,,,homesbg,,,,,,,44de5399180974aa8f914c2a3762bfad
"Двустаен, 63m²","Тухла, Обзаведен, Електричество",280000.0,EUR,False, продажба,двустаен,,,,,,,10,,,homesbg,,,,,,,f81e575a7672d42cde090db63636b03f
"Многостаен, 460m²","Тухла, Полуобзаведен, ТЕЦ",950000.0,EUR,False, продажба,многостаен,,,,,,,4,,,homesbg,,,,,,,0cc637abd12cd1f64c8ceeabb61876eb
"Тристаен, 98m²",Тухла,399000.0,EUR,False, продажба,тристаен,,,,,,,10,,,homesbg,,,,,,,26935b75c2a119cb520ae8a169ffbdb3
"Двустаен, 71m²",Тухла,315000.0,EUR,False, продажба,двустаен,,,,,,,10,,,homesbg,,,,,,,36a16c61652db72338ec02a1029df356
"Гараж, 24m²",Тухла,90000.0,EUR,False, продажба,гараж,,,,,,,7,,,homesbg,,,,,,,6f096d4dc7e9b326e52dfe49379da32b
"Тристаен, 112m²","Тухла, Прокарва се",447969.0,EUR,False, продажба,тристаен,,,,,,,2,,,homesbg,,,,,,,6306af0feb8f1ac1206e05345f5f24e6
"Тристаен, 92m²","Тухла, Необзаведен, Прокарва се",339000.0,EUR,False, продажба,тристаен,,,,,,,10,,,homesbg,,,,,,,f8a1f325e60e64eeccf9ae1332dab6d7
"Тристаен, 115m²","Тухла, Необзаведен, Прокарва се",433000.0,EUR,False, продажба,тристаен,,,,,,,10,,,homesbg,,,,,,,922754777020748b90a4da682eca269a
"Многостаен, 323m²","Тухла, Прокарва се",625073.0,EUR,False, продажба,многостаен,,,,,,,10,,,homesbg,,,,,,,3f4c513008081eeedf8d63920815d2a8
"Тристаен, 131m²","Тухла, Необзаведен, Прокарва се",410000.0,EUR,False, продажба,тристаен,,,,,,,4,,,homesbg,,,,,,,0de5a17cc0959c5bbd197a209647ed4e
"Многостаен, 230m²","Тухла, Прокарва се",644615.0,EUR,False, продажба,многостаен,,,,,,,10,,,homesbg,,,,,,,50a96a49f94f8bb5dc002202d60a1f66
"Тристаен, 123m²","Тухла, Необзаведен, Прокарва се",470000.0,EUR,False, продажба,тристаен,,,,,,,8,,,homesbg,,,,,,,480748814d488917e594425c789a0648
"Двустаен, 67m²","Тухла, Необзаведен, Прокарва се",251000.0,EUR,False, продажба,двустаен,,,,,,,8,,,homesbg,,,,,,,df7141d915d95090cea6f76a0d38a916
"Двустаен, 66m²","Тухла, Необзаведен, Прокарва се",243000.0,EUR,False, продажба,двустаен,,,,,,,8,,,homesbg,,,,,,,7c4ef58a5c936efb37409086dcc6e8c9
"Тристаен, 92m²","Тухла, Необзаведен, Прокарва се",337000.0,EUR,False, продажба,тристаен,,,,,,,8,,,homesbg,,,,,,,518abd8da9768f13a294745d93459c9f
"Многостаен, 182m²","Тухла, Необзаведен, Прокарва се",780000.0,EUR,False, продажба,многостаен,,,,,,,10,,,homesbg,,,,,,,b28191e890a0dabaf009d7c14e3c9817
"Тристаен, 114m²","Тухла, Прокарва се",328723.0,EUR,False, продажба,тристаен,,,,,,,10,,,homesbg,,,,,,,ca05207360d3050192ad842152dedecc
"Тристаен, 121m²","Тухла, Необзаведен, Прокарва се",427000.0,EUR,False, продажба,тристаен,,,,,,,7,,,homesbg,,,,,,,837112847ce819221ff40835b811d84d
"Многостаен, 182m²","Тухла, Необзаведен, Прокарва се",780000.0,EUR,False, продажба,многостаен,,,,,,,8,,,homesbg,,,,,,,b28191e890a0dabaf009d7c14e3c9817
"Двустаен, 68m²","Тухла, Необзаведен, Прокарва се",245000.0,EUR,False, продажба,двустаен,,,,,,,8,,,homesbg,,,,,,,3bc8c239dc5785e19cdf1752c1ae9180
"Тристаен, 114m²","Тухла, Прокарва се",335572.0,EUR,False, продажба,тристаен,,,,,,,10,,,homesbg,,,,,,,1a8dc11c122ef5bc39f5513925870205
"Тристаен, 114m²","Тухла, Прокарва се",356117.0,EUR,False, продажба,тристаен,,,,,,,10,,,homesbg,,,,,,,35a4912d9a0a6570f1fee139a34bb130
"Тристаен, 111m²","Тухла, Прокарва се",530832.0,EUR,False, продажба,тристаен,,,,,,,2,,,homesbg,,,,,,,b0ee7f65fa26849d087001bd97ddc0f3
"Двустаен, 67m²","Тухла, Необзаведен, Прокарва се",245000.0,EUR,False, продажба,двустаен,,,,,,,8,,,homesbg,,,,,,,3bc8c239dc5785e19cdf1752c1ae9180
"Двустаен, 67m²","Тухла, Необзаведен, Прокарва се",251000.0,EUR,False, продажба,двустаен,,,,,,,8,,,homesbg,,,,,,,df7141d915d95090cea6f76a0d38a916
"Тристаен, 123m²","Тухла, Необзаведен, Прокарва се",470000.0,EUR,False, продажба,тристаен,,,,,,,8,,,homesbg,,,,,,,480748814d488917e594425c789a0648
"Многостаен, 196m²","Тухла, Необзаведен, Прокарва се",885000.0,EUR,False, продажба,многостаен,,,,,,,8,,,homesbg,,,,,,,7ed63338badb8cec3e2a3ec386f58796
"Тристаен, 121m²","Тухла, Необзаведен, Прокарва се",427000.0,EUR,False, продажба,тристаен,,,,,,,8,,,homesbg,,,,,,,837112847ce819221ff40835b811d84d
"Двустаен, 67m²","Тухла, Необзаведен, Прокарва се",245000.0,EUR,False, продажба,двустаен,,,,,,,7,,,homesbg,,,,,,,3bc8c239dc5785e19cdf1752c1ae9180
"Тристаен, 119m²","Тухла, Необзаведен, Прокарва се",425000.0,EUR,False, продажба,тристаен,,,,,,,8,,,homesbg,,,,,,,d52c5226e3b899f6b86a755a6c501205
"Тристаен, 123m²","Тухла, Необзаведен, Прокарва се",460000.0,EUR,False, продажба,тристаен,,,,,,,8,,,homesbg,,,,,,,02c0e1227dc9470fb71f5a284837d0a4
"Многостаен, 196m²","Тухла, Необзаведен, Прокарва се",860000.0,EUR,False, продажба,многостаен,,,,,,,10,,,homesbg,,,,,,,25f07b5b773c30bfa0bfc3face21ef09
"Многостаен, 381m²","Тухла, Необзаведен, Прокарва се",1.0,EUR,False, продажба,многостаен,,,,,,,10,,,homesbg,,,,,,,591c03215749cb97abffede2a318b8e8
"Тристаен, 121m²","Тухла, Прокарва се",358212.0,EUR,False, продажба,тристаен,,,,,,,10,,,homesbg,,,,,,,732c6053c49bfad2f732e18bb43a8ea1
"Тристаен, 114m²","Тухла, Прокарва се",362965.0,EUR,False, продажба,тристаен,,,,,,,10,,,homesbg,,,,,,,9f053fac62accb2ec4819502d8d4c445
"Гараж, 33m²","Тухла, ТЕЦ",70000.0,EUR,False, продажба,гараж,,,,,,,1,,,homesbg,,,,,,,3f063c4d261dde68640ce0cc9c497a12
"Двустаен, 66m²","Тухла, Необзаведен, Прокарва се",245000.0,EUR,False, продажба,двустаен,,,,,,,8,,,homesbg,,,,,,,3bc8c239dc5785e19cdf1752c1ae9180
"Многостаен, 183m²","Тухла, Необзаведен, Прокарва се",915000.0,EUR,False, продажба,многостаен,,,,,,,8,,,homesbg,,,,,,,99dac46d5bc0b62be4d09ac324927615
"Тристаен, 110m²","Тухла, Необзаведен, Прокарва се",389000.0,EUR,False, продажба,тристаен,,,,,,,8,,,homesbg,,,,,,,b6289b8784ab88a14b3a2c08a2fb52c7
"Тристаен, 123m²","Тухла, Необзаведен, Прокарва се",473000.0,EUR,False, продажба,тристаен,,,,,,,8,,,homesbg,,,,,,,3fdb16d9fb2acc3c8a8d0c0962faf6e2
"Тристаен, 126m²","Тухла, Обзаведен, Електричество",449000.0,EUR,False, продажба,тристаен,,,,,,,10,,,homesbg,,,,,,,0f611592215368c5c7378251b8fac8b0
"Тристаен, 100m²","Тухла, Обзаведен, Локално отопление",420000.0,EUR,False, продажба,тристаен,,,,,,,10,,,homesbg,,,,,,,01667c57b14f24f9e1177d292d0b19f7
"Тристаен, 116m²","Тухла, Прокарва се",385000.0,EUR,False, продажба,тристаен,,,,,,,2,,,homesbg,,,,,,,3fe92c0ec2f076daba00300593f6192e
"Двустаен, 68m²","Тухла, Прокарва се",223300.0,EUR,False, продажба,двустаен,,,,,,,2,,,homesbg,,,,,,,7f601da8316c2f9c4fb4b7ff1f638b21
"Двустаен, 67m²","Тухла, Прокарва се",223300.0,EUR,False, продажба,двустаен,,,,,,,2,,,homesbg,,,,,,,7f601da8316c2f9c4fb4b7ff1f638b21
"Тристаен, 111m²","Тухла, Прокарва се",358000.0,EUR,False, продажба,тристаен,,,,,,,2,,,homesbg,,,,,,,a8212ccb5828992f0119304a1ee32923
"Двустаен, 68m²","Тухла, Прокарва се",251000.0,EUR,False, продажба,двустаен,,,,,,,2,,,homesbg,,,,,,,df7141d915d95090cea6f76a0d38a916
"Тристаен, 121m²","Тухла, Прокарва се",390000.0,EUR,False, продажба,тристаен,,,,,,,2,,,homesbg,,,,,,,fb0be5dba113b60b7ab42af6e5796c5f
"Тристаен, 123m²","Тухла, Прокарва се",424000.0,EUR,False, продажба,тристаен,,,,,,,2,,,homesbg,,,,,,,1bb24ca26f100ff3c1a7bcce2b3b9e41
"Двустаен, 67m²","Тухла, Прокарва се",221300.0,EUR,False, продажба,двустаен,,,,,,,2,,,homesbg,,,,,,,1b1be4c92cec80b15c64812dbe5102bc
"Тристаен, 115m²","Тухла, Прокарва се",378000.0,EUR,False, продажба,тристаен,,,,,,,2,,,homesbg,,,,,,,8424863e7bcaab8a4e01bdf66310de0c
"Тристаен, 118m²","Тухла, Прокарва се",381000.0,EUR,False, продажба,тристаен,,,,,,,2,,,homesbg,,,,,,,7b913e7a79d3c7304d7dd4fcbe183da0
"Двустаен, 67m²","Тухла, Прокарва се",222300.0,EUR,False, продажба,двустаен,,,,,,,2,,,homesbg,,,,,,,2a53ea8d2ba9dbde0ab8880cab006970
"Двустаен, 68m²","Тухла, Прокарва се",240500.0,EUR,False, продажба,двустаен,,,,,,,2,,,homesbg,,,,,,,366068b28be025149e8308e8d2ff33ca
"Тристаен, 123m²","Тухла, Прокарва се",418000.0,EUR,False, продажба,тристаен,,,,,,,2,,,homesbg,,,,,,,10e471c3492c424bc690ec5e28159622
"Тристаен, 123m²","Тухла, Прокарва се",409000.0,EUR,False, продажба,тристаен,,,,,,,2,,,homesbg,,,,,,,ff6567fd1a165e24ec231645dec15803
"Тристаен, 123m²","Тухла, Прокарва се",427000.0,EUR,False, продажба,тристаен,,,,,,,2,,,homesbg,,,,,,,837112847ce819221ff40835b811d84d
"Двустаен, 68m²","Тухла, Прокарва се",234500.0,EUR,False, продажба,двустаен,,,,,,,2,,,homesbg,,,,,,,87b76a67ec8e0721c1d7256f3da7888e
"Двустаен, 68m²","Тухла, Прокарва се",235000.0,EUR,False, продажба,двустаен,,,,,,,7,,,homesbg,,,,,,,d72befe055490c0d14f39392840bfd25
"Тристаен, 115m²","Тухла, Прокарва се",388000.0,EUR,False, продажба,тристаен,,,,,,,7,,,homesbg,,,,,,,6726907b4629cfa6b549a750b676962d
"Тристаен, 123m²","Тухла, Прокарва се",430000.0,EUR,False, продажба,тристаен,,,,,,,2,,,homesbg,,,,,,,9e4073d5a592f3e75c8ca64b409351d2
"Многостаен, 182m²","Тухла, Прокарва се",730000.0,EUR,False, продажба,многостаен,,,,,,,2,,,homesbg,,,,,,,c0495b587722f2075a391d82911e0b4c
"Двустаен, 68m²","Тухла, Прокарва се",221300.0,EUR,False, продажба,двустаен,,,,,,,2,,,homesbg,,,,,,,1b1be4c92cec80b15c64812dbe5102bc
"Двустаен, 68m²","Тухла, Прокарва се",224300.0,EUR,False, продажба,двустаен,,,,,,,2,,,homesbg,,,,,,,21005c1a637a4b24117249d2b2de7d4c
"Двустаен, 68m²","Тухла, Прокарва се",246000.0,EUR,False, продажба,двустаен,,,,,,,2,,,homesbg,,,,,,,3a4570aaf0bb87c9223da538fef7bb4b
"Двустаен, 68m²","Тухла, Прокарва се",249000.0,EUR,False, продажба,двустаен,,,,,,,2,,,homesbg,,,,,,,4fc6e9dba25b73c90394b320548c7908
"Тристаен, 120m²","Тухла, Прокарва се",386000.0,EUR,False, продажба,тристаен,,,,,,,2,,,homesbg,,,,,,,10fd0a184f93c47345cd003a70d77f58
"Двустаен, 67m²","Тухла, Прокарва се",224000.0,EUR,False, продажба,двустаен,,,,,,,2,,,homesbg,,,,,,,913059091b6f1b57665a2ae00fb82d5f
"Тристаен, 119m²","Тухла, Прокарва се",384000.0,EUR,False, продажба,тристаен,,,,,,,2,,,homesbg,,,,,,,c759f20673877a76811011cd32b30e46
"Двустаен, 68m²","Тухла, Прокарва се",227500.0,EUR,False, продажба,двустаен,,,,,,,2,,,homesbg,,,,,,,a1d73d913f70fc39271f8f49d4cdfa3f
"Двустаен, 68m²","Тухла, Прокарва се",249000.0,EUR,False, продажба,двустаен,,,,,,,2,,,homesbg,,,,,,,4fc6e9dba25b73c90394b320548c7908
"Тристаен, 119m²","Тухла, Прокарва се",386000.0,EUR,False, продажба,тристаен,,,,,,,2,,,homesbg,,,,,,,10fd0a184f93c47345cd003a70d77f58
"Тристаен, 92m²","Тухла, Прокарва се",341000.0,EUR,False, продажба,тристаен,,,,,,,2,,,homesbg,,,,,,,3a5d2223cfd891355cac14783c5205b0
"Двустаен, 68m²","Тухла, Прокарва се",224600.0,EUR,False, продажба,двустаен,,,,,,,2,,,homesbg,,,,,,,96a1c421f647542b7a46e755931e1915
"Тристаен, 115m²","Тухла, Прокарва се",375000.0,EUR,False, продажба,тристаен,,,,,,,2,,,homesbg,,,,,,,68334edaacd4cd74951ea0ecd0674066
"Тристаен, 120m²","Тухла, Прокарва се",377000.0,EUR,False, продажба,тристаен,,,,,,,2,,,homesbg,,,,,,,7869fdb9a4bf120b3bb384883c55640c
"Тристаен, 115m²","Тухла, Прокарва се",379000.0,EUR,False, продажба,тристаен,,,,,,,1,,,homesbg,,,,,,,8900680a8273f13e417afb54b3ed85a0
"Тристаен, 123m²","Тухла, Прокарва се",406000.0,EUR,False, продажба,тристаен,,,,,,,2,,,homesbg,,,,,,,329c2e224a5a54305fc7400625bb6e6c
"Тристаен, 123m²","Тухла, Прокарва се",422000.0,EUR,False, продажба,тристаен,,,,,,,2,,,homesbg,,,,,,,c1a40dd61e8f09a0001afa71bc9820eb
"Тристаен, 123m²","Тухла, Прокарва се",418000.0,EUR,False, продажба,тристаен,,,,,,,2,,,homesbg,,,,,,,10e471c3492c424bc690ec5e28159622
"Тристаен, 123m²","Тухла, Прокарва се",424000.0,EUR,False, продажба,тристаен,,,,,,,2,,,homesbg,,,,,,,1bb24ca26f100ff3c1a7bcce2b3b9e41
"Тристаен, 123m²","Тухла, Прокарва се",421000.0,EUR,False, продажба,тристаен,,,,,,,2,,,homesbg,,,,,,,a8eda85b911aa101da33c37a60364454
"Тристаен, 123m²","Тухла, Прокарва се",415000.0,EUR,False, продажба,тристаен,,,,,,,2,,,homesbg,,,,,,,f303a7b5f209e5f4fafa12e4fa195735
"Двустаен, 68m²","Тухла, Прокарва се",224800.0,EUR,False, продажба,двустаен,,,,,,,2,,,homesbg,,,,,,,238d61897771961379908ffbe00e9236
"Двустаен, 68m²","Тухла, Прокарва се",222300.0,EUR,False, продажба,двустаен,,,,,,,2,,,homesbg,,,,,,,2a53ea8d2ba9dbde0ab8880cab006970
"Двустаен, 68m²","Тухла, Прокарва се",226800.0,EUR,False, продажба,двустаен,,,,,,,2,,,homesbg,,,,,,,d8b877f54ef4ca2fb0827d90dbfe6399
"Двустаен, 67m²","Тухла, Прокарва се",223700.0,EUR,False, продажба,двустаен,,,,,,,2,,,homesbg,,,,,,,e674546fd6ae06a7668ed1d61273ea52
"Двустаен, 68m²","Тухла, Прокарва се",233500.0,EUR,False, продажба,двустаен,,,,,,,2,,,homesbg,,,,,,,e976f1db6c3c8ada8bed2bb6d5d1c5d1
"Многостаен, 196m²","Тухла, Прокарва се",885000.0,EUR,False, продажба,многостаен,,,,,,,2,,,homesbg,,,,,,,7ed63338badb8cec3e2a3ec386f58796
"Многостаен, 196m²","Тухла, Прокарва се",980000.0,EUR,False, продажба,многостаен,,,,,,,2,,,homesbg,,,,,,,318d6030cb0ce9b51f28a92092c2d677
"Двустаен, 67m²","Тухла, Прокарва се",220700.0,EUR,False, продажба,двустаен,,,,,,,2,,,homesbg,,,,,,,e7da44213d53f52d42fd704b90ec12f2
"Тристаен, 115m²","Тухла, Прокарва се",364000.0,EUR,False, продажба,тристаен,,,,,,,2,,,homesbg,,,,,,,b0fb8ae193710e61ae388c85c4127762
"Двустаен, 68m²","Тухла, Прокарва се",234000.0,EUR,False, продажба,двустаен,,,,,,,7,,,homesbg,,,,,,,dba6563984c3f0653a75a24884831ca8
"Тристаен, 115m²","Тухла, Прокарва се",385000.0,EUR,False, продажба,тристаен,,,,,,,7,,,homesbg,,,,,,,3fe92c0ec2f076daba00300593f6192e
"Двустаен, 68m²","Тухла, Прокарва се",229500.0,EUR,False, продажба,двустаен,,,,,,,2,,,homesbg,,,,,,,cac784f27b66baa2f52110faadf23ead
"Тристаен, 92m²","Тухла, Прокарва се",312000.0,EUR,False, продажба,тристаен,,,,,,,2,,,homesbg,,,,,,,be6d0fe2cdca27f81b2f24c538d5b4d9
"Тристаен, 115m²","Тухла, Прокарва се",394000.0,EUR,False, продажба,тристаен,,,,,,,2,,,homesbg,,,,,,,7f9b0408911f8ed1fc564e72ccd5b75c
"Тристаен, 123m²","Тухла, Прокарва се",427000.0,EUR,False, продажба,тристаен,,,,,,,2,,,homesbg,,,,,,,837112847ce819221ff40835b811d84d
"Многостаен, 196m²","Тухла, Прокарва се",785000.0,EUR,False, продажба,многостаен,,,,,,,2,,,homesbg,,,,,,,0d41c20652062bdf8f6a5af0bb4a2083
"Многостаен, 182m²","Тухла, Прокарва се",780000.0,EUR,False, продажба,многостаен,,,,,,,2,,,homesbg,,,,,,,b28191e890a0dabaf009d7c14e3c9817
"Многостаен, 182m²","Тухла, Прокарва се",915000.0,EUR,False, продажба,многостаен,,,,,,,2,,,homesbg,,,,,,,99dac46d5bc0b62be4d09ac324927615
"Двустаен, 68m²","Тухла, Прокарва се",223000.0,EUR,False, продажба,двустаен,,,,,,,2,,,homesbg,,,,,,,b9d426e4f2583c42e5363753140c6ab4
"Тристаен, 115m²","Тухла, Прокарва се",377000.0,EUR,False, продажба,тристаен,,,,,,,2,,,homesbg,,,,,,,7869fdb9a4bf120b3bb384883c55640c
"Тристаен, 119m²","Тухла, Прокарва се",417000.0,EUR,False, продажба,тристаен,,,,,,,7,,,homesbg,,,,,,,9f929521a35d5a681a480a25a18a83d6
"Двустаен, 68m²","Тухла, Прокарва се",234200.0,EUR,False, продажба,двустаен,,,,,,,2,,,homesbg,,,,,,,dee89cda9512ea95b0b488891ca4aca5
"Тристаен, 123m²","Тухла, Прокарва се",418000.0,EUR,False, продажба,тристаен,,,,,,,2,,,homesbg,,,,,,,10e471c3492c424bc690ec5e28159622
"Двустаен, 68m²","Тухла, Прокарва се",237200.0,EUR,False, продажба,двустаен,,,,,,,2,,,homesbg,,,,,,,303f5a6b795a97df31d025e892907686
"Тристаен, 111m²","Тухла, Прокарва се",356000.0,EUR,False, продажба,тристаен,,,,,,,2,,,homesbg,,,,,,,da61a5213a9780b9f67819d55e4218ff
"Тристаен, 121m²","Тухла, Прокарва се",388000.0,EUR,False, продажба,тристаен,,,,,,,2,,,homesbg,,,,,,,6726907b4629cfa6b549a750b676962d
"Двустаен, 67m²","Тухла, Прокарва се",223300.0,EUR,False, продажба,двустаен,,,,,,,2,,,homesbg,,,,,,,7f601da8316c2f9c4fb4b7ff1f638b21
"Тристаен, 123m²","Тухла, Прокарва се",405000.0,EUR,False, продажба,тристаен,,,,,,,2,,,homesbg,,,,,,,43ad785600cfbc3d719cddb92dd87c37
"Двустаен, 67m²","Тухла, Прокарва се",224300.0,EUR,False, продажба,двустаен,,,,,,,2,,,homesbg,,,,,,,21005c1a637a4b24117249d2b2de7d4c
"Тристаен, 123m²","Тухла, Прокарва се",427000.0,EUR,False, продажба,тристаен,,,,,,,2,,,homesbg,,,,,,,837112847ce819221ff40835b811d84d
"Двустаен, 68m²","Тухла, Прокарва се",244000.0,EUR,False, продажба,двустаен,,,,,,,2,,,homesbg,,,,,,,04de75c99c67b72f521a5b898ea2446d
"Двустаен, 67m²","Тухла, Прокарва се",245000.0,EUR,False, продажба,двустаен,,,,,,,2,,,homesbg,,,,,,,3bc8c239dc5785e19cdf1752c1ae9180
"Тристаен, 92m²","Тухла, Прокарва се",308000.0,EUR,False, продажба,тристаен,,,,,,,2,,,homesbg,,,,,,,56fa4dd5fe497b54c7787baee895b500
"Двустаен, 68m²","Тухла, Прокарва се",225000.0,EUR,False, продажба,двустаен,,,,,,,2,,,homesbg,,,,,,,9f99aabb4ea44ef50b737cd9733d7a0d
"Двустаен, 68m²","Тухла, Прокарва се",222600.0,EUR,False, продажба,двустаен,,,,,,,2,,,homesbg,,,,,,,39b22297943e37b78b7bf9ca2b99bfda
"Двустаен, 68m²","Тухла, Прокарва се",226000.0,EUR,False, продажба,двустаен,,,,,,,2,,,homesbg,,,,,,,1f8efc522e51cb81f2cc839ddcc36d64
"Тристаен, 115m²","Тухла, Прокарва се",370000.0,EUR,False, продажба,тристаен,,,,,,,2,,,homesbg,,,,,,,43f59543bb66704f0574e748454d3db7
"Двустаен, 68m²","Тухла, Прокарва се",236500.0,EUR,False, продажба,двустаен,,,,,,,7,,,homesbg,,,,,,,5a2f2569ee79fbb91b67695762866df2
"Тристаен, 115m²","Тухла, Прокарва се",394000.0,EUR,False, продажба,тристаен,,,,,,,7,,,homesbg,,,,,,,7f9b0408911f8ed1fc564e72ccd5b75c
"Тристаен, 115m²","Тухла, Прокарва се",403000.0,EUR,False, продажба,тристаен,,,,,,,2,,,homesbg,,,,,,,5a6afd5b819d6243dcf0fa0e16f10ab1
"Тристаен, 115m²","Тухла, Прокарва се",408000.0,EUR,False, продажба,тристаен,,,,,,,2,,,homesbg,,,,,,,fe4617ff56f76d7424095f60d90e08f3
"Тристаен, 119m²","Тухла, Прокарва се",410000.0,EUR,False, продажба,тристаен,,,,,,,2,,,homesbg,,,,,,,0de5a17cc0959c5bbd197a209647ed4e
"Двустаен, 67m²","Тухла, Прокарва се",222300.0,EUR,False, продажба,двустаен,,,,,,,2,,,homesbg,,,,,,,2a53ea8d2ba9dbde0ab8880cab006970
"Двустаен, 68m²","Тухла, Прокарва се",250000.0,EUR,False, продажба,двустаен,,,,,,,2,,,homesbg,,,,,,,8eccd169ae4d33b6be35c8731dddce86
"Тристаен, 123m²","Тухла, Прокарва се",403000.0,EUR,False, продажба,тристаен,,,,,,,2,,,homesbg,,,,,,,5a6afd5b819d6243dcf0fa0e16f10ab1
"Двустаен, 68m²","Тухла, Прокарва се",223800.0,EUR,False, продажба,двустаен,,,,,,,2,,,homesbg,,,,,,,8b1b40f4a1229363995c7510bc0cba74
"Двустаен, 68m²","Тухла, Прокарва се",227000.0,EUR,False, продажба,двустаен,,,,,,,2,,,homesbg,,,,,,,14be5d87d11cb8837f811ca77937e897
"Тристаен, 118m²","Тухла, Прокарва се",386000.0,EUR,False, продажба,тристаен,,,,,,,2,,,homesbg,,,,,,,10fd0a184f93c47345cd003a70d77f58
"Тристаен, 123m²","Тухла, Прокарва се",433000.0,EUR,False, продажба,тристаен,,,,,,,1,,,homesbg,,,,,,,922754777020748b90a4da682eca269a
"Двустаен, 68m²","Тухла, Прокарва се",238200.0,EUR,False, продажба,двустаен,,,,,,,2,,,homesbg,,,,,,,35410c3a53aaba50dab1148012bf08af
"Тристаен, 115m²","Тухла, Прокарва се",397000.0,EUR,False, продажба,тристаен,,,,,,,2,,,homesbg,,,,,,,a23efe54015fa2945dea2dd7865911c3
"Многостаен, 182m²","Тухла, Прокарва се",730000.0,EUR,False, продажба,многостаен,,,,,,,2,,,homesbg,,,,,,,c0495b587722f2075a391d82911e0b4c
"Многостаен, 197m²","Тухла, Прокарва се",785000.0,EUR,False, продажба,многостаен,,,,,,,2,,,homesbg,,,,,,,0d41c20652062bdf8f6a5af0bb4a2083
"Многостаен, 182m²","Тухла, Прокарва се",820000.0,EUR,False, продажба,многостаен,,,,,,,2,,,homesbg,,,,,,,6e466f9e7701f15ce03275944b7e35c8
"Многостаен, 182m²","Тухла, Прокарва се",820000.0,EUR,False, продажба,многостаен,,,,,,,2,,,homesbg,,,,,,,6e466f9e7701f15ce03275944b7e35c8
"Многостаен, 197m²","Тухла, Прокарва се",885000.0,EUR,False, продажба,многостаен,,,,,,,2,,,homesbg,,,,,,,7ed63338badb8cec3e2a3ec386f58796
"Многостаен, 182m²","Тухла, Прокарва се",910000.0,EUR,False, продажба,многостаен,,,,,,,2,,,homesbg,,,,,,,2b6b1d5e0cdd6a14d3e119c309834b92
"Многостаен, 196m²","Тухла, Прокарва се",980000.0,EUR,False, продажба,многостаен,,,,,,,2,,,homesbg,,,,,,,318d6030cb0ce9b51f28a92092c2d677
"Тристаен, 115m²","Тухла, Прокарва се",366000.0,EUR,False, продажба,тристаен,,,,,,,2,,,homesbg,,,,,,,ef3b8433141a89da9ac2b7eaa9b9bc04
"Двустаен, 67m²","Тухла, Прокарва се",222700.0,EUR,False, продажба,двустаен,,,,,,,2,,,homesbg,,,,,,,878218850e64e5de2b56c3dcab180ed9
"Двустаен, 68m²","Тухла, Прокарва се",227800.0,EUR,False, продажба,двустаен,,,,,,,2,,,homesbg,,,,,,,6f656c57170b59accb119e0051f8e818
"Двустаен, 68m²","Тухла, Прокарва се",225600.0,EUR,False, продажба,двустаен,,,,,,,2,,,homesbg,,,,,,,38bdd3037c4d78d4678b32ddb799be20
"Двустаен, 68m²","Тухла, Прокарва се",236500.0,EUR,False, продажба,двустаен,,,,,,,2,,,homesbg,,,,,,,5a2f2569ee79fbb91b67695762866df2
"Двустаен, 68m²","Тухла, Прокарва се",235000.0,EUR,False, продажба,двустаен,,,,,,,2,,,homesbg,,,,,,,d72befe055490c0d14f39392840bfd25
"Двустаен, 68m²","Тухла, Прокарва се",237500.0,EUR,False, продажба,двустаен,,,,,,,2,,,homesbg,,,,,,,b3fd1f8309e63f9c528d677812ec5f14
"Двустаен, 68m²","Тухла, Прокарва се",235500.0,EUR,False, продажба,двустаен,,,,,,,7,,,homesbg,,,,,,,7bf5da071e7bb01d8ac77444cb21c5e3
"Двустаен, 67m²","Тухла, Прокарва се",224300.0,EUR,False, продажба,двустаен,,,,,,,2,,,homesbg,,,,,,,21005c1a637a4b24117249d2b2de7d4c
"Тристаен, 132m²","Тухла, Обзаведен, Локално отопление",444000.0,EUR,False, продажба,тристаен,,,,,,,10,,,homesbg,,,,,,,6b7cceac65cd225b3a935db76e316e91
"Тристаен, 180m²","Тухла, Обзаведен, Локално отопление",499000.0,EUR,False, продажба,тристаен,,,,,,,10,,,homesbg,,,,,,,06d6436b3d9c18e40d6068d844c76921
"Четиристаен, 120m²","ЕПК, Полуобзаведен, ТЕЦ",426990.0,EUR,False, продажба,четиристаен,,,,,,,10,,,homesbg,,,,,,,01ceec57f23aa76d237df5b300e5709a
"Тристаен, 84m²","Тухла, Обзаведен, Електричество",260000.0,EUR,False, продажба,тристаен,,,,,,,10,,,homesbg,,,,,,,6102d9c16927a5826de14902f9fcdd07
"Двустаен, 43m²",Тухла,220000.0,EUR,False, продажба,двустаен,,,,,,,0,,,homesbg,,,,,,,f7df846eb99d34d090ad76d4bad57570
"Тристаен, 112m²","Тухла, Прокарва се",448000.0,EUR,False, продажба,тристаен,,,,,,,8,,,homesbg,,,,,,,6306af0feb8f1ac1206e05345f5f24e6
"Двустаен, 77m²","Тухла, Обзаведен, Прокарва се",300000.0,EUR,False, продажба,двустаен,,,,,,,10,,,homesbg,,,,,,,455bf3fcdac188c2d49d9f60146f23d2
"Тристаен, 81m²","Тухла, Необзаведен, Електричество",297000.0,EUR,False, продажба,тристаен,,,,,,,10,,,homesbg,,,,,,,3f45e7423a4e768c5fcfa6dde33e3e73
"Многостаен, 350m²",Тухла,2000000.0,EUR,False, продажба,многостаен,,,,,,,10,,,homesbg,,,,,,,fa2359b5348c207aa69c4aec73060f8a
"Тристаен, 100m²",Тухла,359000.0,EUR,False, продажба,тристаен,,,,,,,10,,,homesbg,,,,,,,155d85ccc70a269a8d8379672a048aab
"Двустаен, 75m²",Тухла,270000.0,EUR,False, продажба,двустаен,,,,,,,10,,,homesbg,,,,,,,8ea2b555f390729333fa4c63bc9ebc51
"Многостаен, 120m²","Тухла, Полуобзаведен, Прокарва се",475000.0,EUR,False, продажба,многостаен,,,,,,,10,,,homesbg,,,,,,,730eb652dad8550b0337c890f1fa225a
"Многостаен, 306m²","Тухла, ТЕЦ",972000.0,EUR,False, продажба,многостаен,,,,,,,10,,,homesbg,,,,,,,6e32a40e1040d4d544614b04bc049d01
"Многостаен, 236m²",Тухла,650000.0,EUR,False, продажба,многостаен,,,,,,,10,,,homesbg,,,,,,,dc2cc2624b7deb9423af6ce97ff7e828
"Многостаен, 256m²","Тухла, Необзаведен, ТЕЦ",630000.0,EUR,False, продажба,многостаен,,,,,,,10,,,homesbg,,,,,,,aa72005328344910d903fbc62808f566
"Двустаен, 55m²","Тухла, Обзаведен, ТЕЦ",255000.0,EUR,False, продажба,двустаен,,,,,,,10,,,homesbg,,,,,,,2f5db660c42f41cda270715c667bfad8
"Двустаен, 100m²","Тухла, Обзаведен, Електричество",339000.0,EUR,False, продажба,двустаен,,,,,,,10,,,homesbg,,,,,,,16cbcb2fc6c78c038377a72155ea96a3
"Четиристаен, 224m²","Тухла, Обзаведен, Електричество",499990.0,EUR,False, продажба,четиристаен,,,,,,,10,,,homesbg,,,,,,,a6bf6362d2c21d3043e5d0f6f0b3507e
"Тристаен, 118m²","Тухла, ТЕЦ",414000.0,EUR,False, продажба,тристаен,,,,,,,8,,,homesbg,,,,,,,9f7008168d982b0d5a16f0e500ae5e5e
"Мезонет, 74m²",Тухла,210000.0,EUR,False, продажба,мезонет,,,,,,,1,,,homesbg,,,,,,,a16c6ca2bfa69ddc75ea03e22069f58c
"Гараж, 25m²","Тухла, Необзаведен, Електричество",75000.0,EUR,False, продажба,гараж,,,,,,,2,,,homesbg,,,,,,,8b74cd21662f65f2553f20e4ffa24ac1
"Двустаен, 100m²","Тухла, Обзаведен, Електричество",339000.0,EUR,False, продажба,двустаен,,,,,,,10,,,homesbg,,,,,,,16cbcb2fc6c78c038377a72155ea96a3
"Тристаен, 138m²","Тухла, Прокарва се",552000.0,EUR,False, продажба,тристаен,,,,,,,3,,,homesbg,,,,,,,9d7ef020ffb80a15b67c0194d290a6ca
"Многостаен, 160m²","Тухла, Прокарва се",648000.0,EUR,False, продажба,многостаен,,,,,,,2,,,homesbg,,,,,,,441b94090372d32100019514cf53c272
"Тристаен, 100m²",Тухла,520000.0,EUR,False, продажба,тристаен,,,,,,,8,,,homesbg,,,,,,,eb9fbc4c45bc86c51f2f793cb4469d81
"Многостаен, 117m²","Тухла, Обзаведен, Електричество",400000.0,EUR,False, продажба,многостаен,,,,,,,8,,,homesbg,,,,,,,aa2ee27bc66152f6b44c94928b1338ca
"Тристаен, 128m²",Тухла,498000.0,EUR,False, продажба,тристаен,,,,,,,10,,,homesbg,,,,,,,53de70fa90339d6201b4df41b6b165e9
"Двустаен, 100m²","Тухла, Обзаведен, ТЕЦ",339000.0,EUR,False, продажба,двустаен,,,,,,,10,,,homesbg,,,,,,,16cbcb2fc6c78c038377a72155ea96a3
"Тристаен, 109m²","Тухла, Необзаведен, ТЕЦ",440000.0,EUR,False, продажба,тристаен,,,,,,,1,,,homesbg,,,,,,,b339282fecb5564de4d657a9cd98f164
"Тристаен, 138m²","Тухла, Необзаведен, ТЕЦ",550000.0,EUR,False, продажба,тристаен,,,,,,,1,,,homesbg,,,,,,,c08a16cfd4ffd8dca56797a3ab8ddeae
"Четиристаен, 168m²","Тухла, Обзаведен, ТЕЦ",505000.0,EUR,False, продажба,четиристаен,,,,,,,10,,,homesbg,,,,,,,839726082da529f3d8619a3a4566701a
"Многостаен, 139m²","Тухла, Необзаведен, ТЕЦ",344344.0,EUR,False, продажба,многостаен,,,,,,,1,,,homesbg,,,,,,,c4de72cad9f32d5d1cc483d05b5b875c
"Двустаен, 53m²","Тухла, Необзаведен, ТЕЦ",231000.0,EUR,False, продажба,двустаен,,,,,,,8,,,homesbg,,,,,,,ea2483021b0299c8ab4659629d180613
"Тристаен, 113m²","Тухла, Обзаведен, Електричество",420000.0,EUR,False, продажба,тристаен,,,,,,,7,,,homesbg,,,,,,,01667c57b14f24f9e1177d292d0b19f7
"Тристаен, 188m²","Тухла, Обзаведен, ТЕЦ",658000.0,EUR,False, продажба,тристаен,,,,,,,10,,,homesbg,,,,,,,447ed8475884e11983009916b33078a9
"Многостаен, 183m²","Тухла, Обзаведен, Електричество",380000.0,EUR,False, продажба,многостаен,,,,,,,8,,,homesbg,,,,,,,ef433afec2c2489a041e303c5ff5b537
"Многостаен, 117m²","Тухла, Обзаведен, Електричество",385000.0,EUR,False, продажба,многостаен,,,,,,,10,,,homesbg,,,,,,,c860036374526e5d579908d7c405150e
"Двустаен, 44m²","Тухла, Обзаведен, Локално отопление",112000.0,EUR,False, продажба,двустаен,,,,,,,4,,,homesbg,,,,,,,31ab158dab3657240d47e4c0640cecf8
"Тристаен, 146m²",Тухла,417182.0,EUR,False, продажба,тристаен,,,,,,,0,,,homesbg,,,,,,,7e927d1a727cbcebcca04f1f21006faf
"Тристаен, 146m²",Панел,388289.0,EUR,False, продажба,тристаен,,,,,,,0,,,homesbg,,,,,,,9cb357118396fa42a4474093b0a938e4
"Тристаен, 125m²","Тухла, Полуобзаведен, Електричество",375000.0,EUR,False, продажба,тристаен,,,,,,,0,,,homesbg,,,,,,,68334edaacd4cd74951ea0ecd0674066
"Едностаен, 44m²","Тухла, Обзаведен, Електричество",112000.0,EUR,False, продажба,едностаен,,,,,,,5,,,homesbg,,,,,,,b4595778553a4924c3a213f97f41372c
"Тристаен, 203m²","Тухла, Необзаведен, ТЕЦ",669900.0,EUR,False, продажба,тристаен,,,,,,,10,,,homesbg,,,,,,,9dd1ed6b8565062479b510dcf703752a
"Многостаен, 504m²",Тухла,1663200.0,EUR,False, продажба,многостаен,,,,,,,10,,,homesbg,,,,,,,0ce914fcbf8873bac9545eaa7e45e7b2
"Тристаен, 102m²","ЕПК, Полуобзаведен, ТЕЦ",480000.0,EUR,False, продажба,тристаен,,,,,,,10,,,homesbg,,,,,,,7a0a08ed0f471fae0f2b9d9e767bd9ff
"Четиристаен, 183m²","Тухла, Необзаведен, Локално отопление",380000.0,EUR,False, продажба,четиристаен,,,,,,,9,,,homesbg,,,,,,,b01fca72d741832fe08e6a018a126b93
"Двустаен, 63m²","Тухла, Необзаведен, ТЕЦ",283000.0,EUR,False, продажба,двустаен,,,,,,,10,,,homesbg,,,,,,,f069e0616d28629a35b636e2224e91cb
"Двустаен, 79m²","Тухла, Полуобзаведен, ТЕЦ",254000.0,EUR,False, продажба,двустаен,,,,,,,10,,,homesbg,,,,,,,291f513532437f708524dce143fbc915
"Двустаен, 57m²",ЕПК,275000.0,EUR,False, продажба,двустаен,,,,,,,8,,,homesbg,,,,,,,23ce8fdf98998ef2e9ede3cd84f4e937
"Четиристаен, 260m²","Тухла, Необзаведен, ТЕЦ",0.0,EUR,False, продажба,четиристаен,,,,,,,1,,,homesbg,,,,,,,a876cf60de5b8cdb159fd9224cfceac5
"Четиристаен, 240m²","Тухла, Обзаведен, ТЕЦ",615000.0,EUR,False, продажба,четиристаен,,,,,,,10,,,homesbg,,,,,,,b79831a1f6898f6dbb5f2b6f1b3c61e2
"Двустаен, 40m²","Тухла, Необзаведен, ТЕЦ",207500.0,EUR,False, продажба,двустаен,,,,,,,9,,,homesbg,,,,,,,9a729b70a9d184d13b77169b0e6f4fa0
"Мезонет, 254m²","Тухла, Обзаведен",520000.0,EUR,False, продажба,мезонет,,,,,,,10,,,homesbg,,,,,,,e4eee7a87fdc9aa54191605ea4b3e32f
"Четиристаен, 181m²","Необзаведен, Електричество",1049280.0,EUR,False, продажба,четиристаен,,,,,,,10,,,homesbg,,,,,,,24aba84fdc3453b4f6f859fdacb0d199
"Четиристаен, 191m²","Необзаведен, ТЕЦ",750000.0,EUR,False, продажба,четиристаен,,,,,,,10,,,homesbg,,,,,,,6ff78f2bf41e2f8912a479242e1864df
"Тристаен, 124m²","Тухла, Необзаведен, Електричество",404215.0,EUR,False, продажба,тристаен,,,,,,,4,,,homesbg,,,,,,,fca503a13010d85b30aff773a074cd05
"Четиристаен, 178m²","Тухла, Обзаведен, Локално отопление",831900.0,EUR,False, продажба,четиристаен,,,,,,,10,,,homesbg,,,,,,,77b8aca3bc90b9ac55b8eb8c787b76cc
"Четиристаен, 150m²",Тухла,0.0,EUR,False, продажба,четиристаен,,,,,,,10,,,homesbg,,,,,,,a876cf60de5b8cdb159fd9224cfceac5
"Четиристаен, 165m²",Тухла,790000.0,EUR,False, продажба,четиристаен,,,,,,,10,,,homesbg,,,,,,,9007a913a614227b727f6a3d5538858d
"Тристаен, 168m²","Тухла, Полуобзаведен, Локално отопление",550000.0,EUR,False, продажба,тристаен,,,,,,,10,,,homesbg,,,,,,,c08a16cfd4ffd8dca56797a3ab8ddeae
"Мезонет, 250m²","Тухла, Полуобзаведен, ТЕЦ",500000.0,EUR,False, продажба,мезонет,,,,,,,9,,,homesbg,,,,,,,c597382ac490813272b8232084252ee7
"Тристаен, 99m²","Тухла, ТЕЦ",395000.0,EUR,False, продажба,тристаен,,,,,,,10,,,homesbg,,,,,,,90c32ac028d0df2135f0f6ef1b502dd2
"Гараж, 24m²","Тухла, Необзаведен, ТЕЦ",58000.0,EUR,False, продажба,гараж,,,,,,,1,,,homesbg,,,,,,,2a509b7fc0294f76010ac3ffef8afabf
"Тристаен, 88m²","Тухла, Обзаведен, ТЕЦ",400000.0,EUR,False, продажба,тристаен,,,,,,,10,,,homesbg,,,,,,,e00a56e4045eb10e72b33bfed451a8a8
"Тристаен, 75m²","Тухла, Обзаведен, Електричество",330000.0,EUR,False, продажба,тристаен,,,,,,,10,,,homesbg,,,,,,,cf61e620a5d55dd29d3a9e14e2162fd2
"Тристаен, 201m²","Тухла, Необзаведен, ТЕЦ",723900.0,EUR,False, продажба,тристаен,,,,,,,10,,,homesbg,,,,,,,b5d5ba4287e63844a24114f40949f11f
"Многостаен, 150m²","Тухла, Необзаведен, ТЕЦ",479668.0,EUR,False, продажба,многостаен,,,,,,,10,,,homesbg,,,,,,,9a6eb3dae9131b494f181db7f639ac4d
"Тристаен, 90m²","Тухла, Необзаведен, ТЕЦ",423000.0,EUR,False, продажба,тристаен,,,,,,,10,,,homesbg,,,,,,,4f3bb83cf10a753ba309145d2c652f60
"Тристаен, 77m²","Тухла, Обзаведен, Електричество",275000.0,EUR,False, продажба,тристаен,,,,,,,10,,,homesbg,,,,,,,e43665bc8595c53f4ad3321be0edca87
"Тристаен, 201m²","Тухла, ТЕЦ",723888.0,EUR,False, продажба,тристаен,,,,,,,7,,,homesbg,,,,,,,b5d5ba4287e63844a24114f40949f11f
"Многостаен, 117m²","Тухла, Обзаведен",450000.0,EUR,False, продажба,многостаен,,,,,,,10,,,homesbg,,,,,,,cb180e3667904ae582d4e6096c8ec90e
"Тристаен, 109m²",Тухла,440000.0,EUR,False, продажба,тристаен,,,,,,,1,,,homesbg,,,,,,,b339282fecb5564de4d657a9cd98f164
"Тристаен, 120m²","ЕПК, Обзаведен",480000.0,EUR,False, продажба,тристаен,,,,,,,10,,,homesbg,,,,,,,7a0a08ed0f471fae0f2b9d9e767bd9ff
"Многостаен, 117m²","Тухла, Обзаведен",450000.0,EUR,False, продажба,многостаен,,,,,,,10,,,homesbg,,,,,,,cb180e3667904ae582d4e6096c8ec90e
"Тристаен, 117m²",Тухла,569000.0,EUR,False, продажба,тристаен,,,,,,,3,,,homesbg,,,,,,,40f458c2bf92fbb61b7065286a12e7cc
"Многостаен, 233m²",Тухла,532740.0,EUR,False, продажба,многостаен,,,,,,,2,,,homesbg,,,,,,,f7bd6e232ebd7cc3a3e36e85540731cf
"Тристаен, 139m²","Тухла, Полуобзаведен",552960.0,EUR,False, продажба,тристаен,,,,,,,7,,,homesbg,,,,,,,ffdf2de4dac138993735f75b9dc634ad
"Тристаен, 155m²","Тухла, Необзаведен, ТЕЦ",530138.0,EUR,False, продажба,тристаен,,,,,,,6,,,homesbg,,,,,,,fb75711605d0843d826d0751d948990c
"Четиристаен, 208m²","Тухла, Необзаведен, ТЕЦ",715276.0,EUR,False, продажба,четиристаен,,,,,,,5,,,homesbg,,,,,,,dbde08bb3092bd3c368c10e63694a2eb
"Тристаен, 175m²","Тухла, Обзаведен, Локално отопление",960795.0,EUR,False, продажба,тристаен,,,,,,,1,,,homesbg,,,,,,,767a6e81716497ebf0997a9f17594fe3
"Мезонет, 137m²","Тухла, Обзаведен, Локално отопление",810444.0,EUR,False, продажба,мезонет,,,,,,,2,,,homesbg,,,,,,,4c358a411ba4562f10e2d317b130e6c8
"Четиристаен, 99m²","Тухла, Обзаведен, Локално отопление",459000.0,EUR,False, продажба,четиристаен,,,,,,,10,,,homesbg,,,,,,,c46f08472ceb95f54aca85f7aecbd953
"Многостаен, 258m²","Тухла, Необзаведен, Електричество",850000.0,EUR,False, продажба,многостаен,,,,,,,10,,,homesbg,,,,,,,a6ee7f7f75fb3eaef647f8d475ff1c30
"Четиристаен, 129m²",Обзаведен,307700.0,EUR,False, продажба,четиристаен,,,,,,,10,,,homesbg,,,,,,,25b43477b74c27e3064bbdbce967810b
"Тристаен, 80m²","Тухла, Полуобзаведен, ТЕЦ",249000.0,EUR,False, продажба,тристаен,,,,,,,10,,,homesbg,,,,,,,c463fe7355a8bf2c932b4aea39e9a320
"Двустаен, 80m²","Тухла, Полуобзаведен, ТЕЦ",249000.0,EUR,False, продажба,двустаен,,,,,,,9,,,homesbg,,,,,,,4fc6e9dba25b73c90394b320548c7908
"Тристаен, 80m²","Тухла, Полуобзаведен, ТЕЦ",254000.0,EUR,False, продажба,тристаен,,,,,,,10,,,homesbg,,,,,,,8f57df8144acfb6d08d7736348bfe564
"Тристаен, 140m²","Тухла, Обзаведен, ТЕЦ",269500.0,EUR,False, продажба,тристаен,,,,,,,8,,,homesbg,,,,,,,bb2c530dbe2972fd87ba670eb8a5b9eb
"Тристаен, 85m²",Обзаведен,268000.0,EUR,False, продажба,тристаен,,,,,,,9,,,homesbg,,,,,,,1965c2980073adccd1b7659a31ec7b02
"Тристаен, 80m²",Обзаведен,330000.0,EUR,False, продажба,тристаен,,,,,,,10,,,homesbg,,,,,,,cf61e620a5d55dd29d3a9e14e2162fd2
"Тристаен, 82m²","ЕПК, Обзаведен, ТЕЦ",320000.0,EUR,False, продажба,тристаен,,,,,,,10,,,homesbg,,,,,,,436f096641774fa0d307854afc81e979
"Тристаен, 70m²",Тухла,330000.0,EUR,False, продажба,тристаен,,,,,,,1,,,homesbg,,,,,,,cf61e620a5d55dd29d3a9e14e2162fd2
"Двустаен, 40m²",Тухла,207500.0,EUR,False, продажба,двустаен,,,,,,,2,,,homesbg,,,,,,,9a729b70a9d184d13b77169b0e6f4fa0
"Мезонет, 235m²","Тухла, Обзаведен, ТЕЦ",650000.0,EUR,False, продажба,мезонет,,,,,,,10,,,homesbg,,,,,,,df2e495e1c74a07c29844c12e9c767b1
"Тристаен, 101m²",Обзаведен,480000.0,EUR,False, продажба,тристаен,,,,,,,10,,,homesbg,,,,,,,7a0a08ed0f471fae0f2b9d9e767bd9ff
"Тристаен, 76m²","Тухла, Обзаведен, ТЕЦ",340000.0,EUR,False, продажба,тристаен,,,,,,,10,,,homesbg,,,,,,,bf8ef3c82f62d08603e95ed55611ab2a
"Тристаен, 85m²","Тухла, ТЕЦ",350000.0,EUR,False, продажба,тристаен,,,,,,,10,,,homesbg,,,,,,,0f60682215d81eaf5a1d09a3ad9ba2d9
"Тристаен, 100m²","Тухла, Обзаведен",468000.0,EUR,False, продажба,тристаен,,,,,,,1,,,homesbg,,,,,,,d43ac83a3a9e2d8d910086215be00f92
"Четиристаен, 100m²","Тухла, Обзаведен, Електричество",258000.0,EUR,False, продажба,четиристаен,,,,,,,9,,,homesbg,,,,,,,61b99c4d3914c5691ba2fcc7a44cdd41
"Мезонет, 502m²","Тухла, Необзаведен, ТЕЦ",1500000.0,EUR,False, продажба,мезонет,,,,,,,10,,,homesbg,,,,,,,49dfb019248e6de19ff90bfa9488842d
"Многостаен, 502m²","Тухла, Необзаведен, ТЕЦ",1500000.0,EUR,False, продажба,многостаен,,,,,,,10,,,homesbg,,,,,,,714173373aa6cb660b13f33584307910
"Четиристаен, 253m²",Необзаведен,870677.0,EUR,False, продажба,четиристаен,,,,,,,1,,,homesbg,,,,,,,ecdb1217ab8ee738d61c5a2decb3dfd2
"Четиристаен, 253m²",Необзаведен,870677.0,EUR,False, продажба,четиристаен,,,,,,,1,,,homesbg,,,,,,,ecdb1217ab8ee738d61c5a2decb3dfd2
"Тристаен, 222m²",Необзаведен,762137.0,EUR,False, продажба,тристаен,,,,,,,1,,,homesbg,,,,,,,48d38c257c1b565fa9af266f2273479f
"Четиристаен, 208m²",Необзаведен,715276.0,EUR,False, продажба,четиристаен,,,,,,,1,,,homesbg,,,,,,,dbde08bb3092bd3c368c10e63694a2eb
"Тристаен, 222m²",Необзаведен,762137.0,EUR,False, продажба,тристаен,,,,,,,1,,,homesbg,,,,,,,48d38c257c1b565fa9af266f2273479f
"Тристаен, 222m²",Необзаведен,762137.0,EUR,False, продажба,тристаен,,,,,,,1,,,homesbg,,,,,,,48d38c257c1b565fa9af266f2273479f
"Тристаен, 123m²",Необзаведен,437953.0,EUR,False, продажба,тристаен,,,,,,,1,,,homesbg,,,,,,,4ea44fcfc832b357ba1de6d2495f791e
"Тристаен, 173m²",Необзаведен,595918.0,EUR,False, продажба,тристаен,,,,,,,1,,,homesbg,,,,,,,4e47961184a15a16762e9e3d3de13ec5
"Тристаен, 154m²",Необзаведен,530138.0,EUR,False, продажба,тристаен,,,,,,,1,,,homesbg,,,,,,,fb75711605d0843d826d0751d948990c
"Тристаен, 133m²","Тухла, Необзаведен, Локално отопление",437000.0,EUR,False, продажба,тристаен,,,,,,,2,,,homesbg,,,,,,,c897f782f4f894afdafea2ba6b2d7fa8
"Тристаен, 76m²","Тухла, Обзаведен, ТЕЦ",367000.0,EUR,False, продажба,тристаен,,,,,,,3,,,homesbg,,,,,,,b58e9dde119089963c5de95e32f3914f
"Гараж, 13m²",Тухла,35000.0,EUR,False, продажба,гараж,,,,,,,2,,,homesbg,,,,,,,08217d09f7c7298b6cd2e09892251af1
"Мезонет, 174m²","Тухла, Обзаведен, Електричество",525000.0,EUR,False, продажба,мезонет,,,,,,,10,,,homesbg,,,,,,,c305faade7397c120a86b4ff063c5a05
"Многостаен, 168m²","Тухла, Обзаведен, ТЕЦ",580000.0,EUR,False, продажба,многостаен,,,,,,,10,,,homesbg,,,,,,,9f36b5f708038d839594f083f946c638
"Многостаен, 306m²",Тухла,819000.0,EUR,False, продажба,многостаен,,,,,,,3,,,homesbg,,,,,,,ffea3beb72325fff8ecbd39cfbbd8eb5
"Тристаен, 83m²",Обзаведен,400000.0,EUR,False, продажба,тристаен,,,,,,,7,,,homesbg,,,,,,,e00a56e4045eb10e72b33bfed451a8a8
"Тристаен, 253m²",Тухла,870677.0,EUR,False, продажба,тристаен,,,,,,,2,,,homesbg,,,,,,,91e7a6490bba6827948a13aace46ea2d
"Тристаен, 132m²","Тухла, Необзаведен",437953.0,EUR,False, продажба,тристаен,,,,,,,1,,,homesbg,,,,,,,4ea44fcfc832b357ba1de6d2495f791e
"Тристаен, 221m²",Тухла,762137.0,EUR,False, продажба,тристаен,,,,,,,2,,,homesbg,,,,,,,48d38c257c1b565fa9af266f2273479f
"Тристаен, 154m²",Тухла,530138.0,EUR,False, продажба,тристаен,,,,,,,2,,,homesbg,,,,,,,fb75711605d0843d826d0751d948990c
"Тристаен, 173m²",Тухла,595918.0,EUR,False, продажба,тристаен,,,,,,,2,,,homesbg,,,,,,,4e47961184a15a16762e9e3d3de13ec5
"Двустаен, 253m²",Тухла,870677.0,EUR,False, продажба,двустаен,,,,,,,2,,,homesbg,,,,,,,388f84839acf6083d1bfe8a6d3bc494d
"Тристаен, 221m²",Тухла,762137.0,EUR,False, продажба,тристаен,,,,,,,2,,,homesbg,,,,,,,48d38c257c1b565fa9af266f2273479f
"Тристаен, 221m²",Тухла,762137.0,EUR,False, продажба,тристаен,,,,,,,2,,,homesbg,,,,,,,48d38c257c1b565fa9af266f2273479f
"Тристаен, 105m²","Тухла, Необзаведен, ТЕЦ",348990.0,EUR,False, продажба,тристаен,,,,,,,8,,,homesbg,,,,,,,7ed4ee2551fd0898af721a3aae5d68ea
"Четиристаен, 168m²","Тухла, Обзаведен, ТЕЦ",580000.0,EUR,False, продажба,четиристаен,,,,,,,10,,,homesbg,,,,,,,b72bfee024700fa9519303f58b00ef83
"Двустаен, 91m²","Тухла, Полуобзаведен, ТЕЦ",320000.0,EUR,False, продажба,двустаен,,,,,,,10,,,homesbg,,,,,,,edcb94f0d7c0ca690e0fa194992e314d
"Четиристаен, 191m²","Тухла, Необзаведен, ТЕЦ",750000.0,EUR,False, продажба,четиристаен,,,,,,,10,,,homesbg,,,,,,,6ff78f2bf41e2f8912a479242e1864df
"Тристаен, 145m²","Тухла, Полуобзаведен, ТЕЦ",500000.0,EUR,False, продажба,тристаен,,,,,,,10,,,homesbg,,,,,,,b652c212f32c7b845d794e36cd503487
"Тристаен, 132m²","Тухла, Обзаведен, Локално отопление",460000.0,EUR,False, продажба,тристаен,,,,,,,10,,,homesbg,,,,,,,02c0e1227dc9470fb71f5a284837d0a4
"Четиристаен, 143m²","Тухла, Необзаведен, ТЕЦ",615000.0,EUR,False, продажба,четиристаен,,,,,,,10,,,homesbg,,,,,,,b79831a1f6898f6dbb5f2b6f1b3c61e2
"Многостаен, 168m²","Тухла, Обзаведен, ТЕЦ",580000.0,EUR,False, продажба,многостаен,,,,,,,10,,,homesbg,,,,,,,9f36b5f708038d839594f083f946c638
"Четиристаен, 138m²","Тухла, Обзаведен, ТЕЦ",465000.0,EUR,False, продажба,четиристаен,,,,,,,10,,,homesbg,,,,,,,bba8c3ec339b7faa93102a6dd07ad819
"Тристаен, 138m²","Тухла, Обзаведен, ТЕЦ",465000.0,EUR,False, продажба,тристаен,,,,,,,10,,,homesbg,,,,,,,5b5986729c1a658ece36fc0b38e9319b
"Тристаен, 112m²","Тухла, Необзаведен, Електричество",530832.0,EUR,False, продажба,тристаен,,,,,,,10,,,homesbg,,,,,,,b0ee7f65fa26849d087001bd97ddc0f3
"Тристаен, 132m²","Тухла, Необзаведен, Електричество",450000.0,EUR,False, продажба,тристаен,,,,,,,10,,,homesbg,,,,,,,5a4375af09b8b39dc73825ca4129e73b
"Тристаен, 136m²","Тухла, Обзаведен, Електричество",408000.0,EUR,False, продажба,тристаен,,,,,,,10,,,homesbg,,,,,,,fe4617ff56f76d7424095f60d90e08f3
"Тристаен, 136m²","Тухла, Необзаведен, ТЕЦ",399000.0,EUR,False, продажба,тристаен,,,,,,,10,,,homesbg,,,,,,,26935b75c2a119cb520ae8a169ffbdb3
"Тристаен, 110m²",Тухла,363000.0,EUR,False, продажба,тристаен,,,,,,,10,,,homesbg,,,,,,,9f053fac62accb2ec4819502d8d4c445
"Четиристаен, 125m²",Тухла,492210.0,EUR,False, продажба,четиристаен,,,,,,,5,,,homesbg,,,,,,,c9b91b7732e3e0b87c6fc16dca9671c7
"Тристаен, 316m²","Тухла, Полуобзаведен, ТЕЦ",1100000.0,EUR,False, продажба,тристаен,,,,,,,8,,,homesbg,,,,,,,f393966b8cbdc46449dafe460fba41c7
"Четиристаен, 132m²","Тухла, Обзаведен, Локално отопление",500000.0,EUR,False, продажба,четиристаен,,,,,,,0,,,homesbg,,,,,,,a6bf6362d2c21d3043e5d0f6f0b3507e
"Четиристаен, 170m²","Тухла, Обзаведен, Електричество",486000.0,EUR,False, продажба,четиристаен,,,,,,,10,,,homesbg,,,,,,,11467e542d29173da40749b117bcd07f
"Мезонет, 460m²",Тухла,1680000.0,EUR,False, продажба,мезонет,,,,,,,10,,,homesbg,,,,,,,e2d84fe2191c54bf8b5a060d097e5cd1
"Четиристаен, 100m²","Тухла, Необзаведен, Локално отопление",482000.0,EUR,False, продажба,четиристаен,,,,,,,1,,,homesbg,,,,,,,3df9ec18cbef7068dd18b590be3e99db
"Четиристаен, 183m²",Тухла,317000.0,EUR,False, продажба,четиристаен,,,,,,,4,,,homesbg,,,,,,,eb21ec7a17c527a4d0293f2b8c0dd057
"Мезонет, 143m²","Обзаведен, ТЕЦ",375000.0,EUR,False, продажба,мезонет,,,,,,,10,,,homesbg,,,,,,,35d09b61befaa05dc1d5720828e8fbb5
"Гараж, 20m²",Тухла,29900.0,EUR,False, продажба,гараж,,,,,,,9,,,homesbg,,,,,,,61f6cd052b766497b359d3fc7c3ad91f
"Тристаен, 100m²","Тухла, Необзаведен, ТЕЦ",345000.0,EUR,False, продажба,тристаен,,,,,,,7,,,homesbg,,,,,,,459268d0feaf80ad12769d94902961ae
"Двустаен, 72m²","Тухла, Обзаведен",280000.0,EUR,False, продажба,двустаен,,,,,,,10,,,homesbg,,,,,,,f81e575a7672d42cde090db63636b03f
"Мезонет, 150m²","Тухла, Обзаведен, ТЕЦ",500000.0,EUR,False, продажба,мезонет,,,,,,,0,,,homesbg,,,,,,,c597382ac490813272b8232084252ee7
"Тристаен, 100m²","Тухла, Обзаведен",350000.0,EUR,False, продажба,тристаен,,,,,,,0,,,homesbg,,,,,,,0f60682215d81eaf5a1d09a3ad9ba2d9
"Тристаен, 116m²","Тухла, Обзаведен",334000.0,EUR,False, продажба,тристаен,,,,,,,7,,,homesbg,,,,,,,72ae4e13789bea5599b6f88ad55a70f4
"Двустаен, 64m²","Тухла, Необзаведен",253000.0,EUR,False, продажба,двустаен,,,,,,,6,,,homesbg,,,,,,,08a18135920bd05adf70841763772bb5
"Тристаен, 132m²","Тухла, Необзаведен, ТЕЦ",399000.0,EUR,False, продажба,тристаен,,,,,,,3,,,homesbg,,,,,,,26935b75c2a119cb520ae8a169ffbdb3
"Многостаен, 136m²","Тухла, Обзаведен",419000.0,EUR,False, продажба,многостаен,,,,,,,7,,,homesbg,,,,,,,c00ba0f8459a3c4c10fef32b7da97b18
"Тристаен, 109m²","Тухла, Необзаведен",440000.0,EUR,False, продажба,тристаен,,,,,,,2,,,homesbg,,,,,,,b339282fecb5564de4d657a9cd98f164
"Тристаен, 138m²",Необзаведен,550000.0,EUR,False, продажба,тристаен,,,,,,,2,,,homesbg,,,,,,,c08a16cfd4ffd8dca56797a3ab8ddeae
"Ателие/Таван, 36m²","Тухла, Необзаведен",77000.0,EUR,False, продажба,ателие,,,,,,,0,,,homesbg,,,,,,,a96d82a2756b903212ec745d4f581dd7
"Тристаен, 85m²","Тухла, Необзаведен",252000.0,EUR,False, продажба,тристаен,,,,,,,7,,,homesbg,,,,,,,685fa059f8d003421a6845c93e16c28e
"Тристаен, 97m²","Тухла, Обзаведен, ТЕЦ",383250.0,EUR,False, продажба,тристаен,,,,,,,6,,,homesbg,,,,,,,82f1fc7cf850d7a73d4d1233318023d1
"Тристаен, 150m²","Тухла, Необзаведен",375000.0,EUR,False, продажба,тристаен,,,,,,,5,,,homesbg,,,,,,,68334edaacd4cd74951ea0ecd0674066
"Двустаен, 62m²","Тухла, Обзаведен",248000.0,EUR,False, продажба,двустаен,,,,,,,5,,,homesbg,,,,,,,30e82dfd66769a9b6ea4bafd373b443c
"Многостаен, 240m²",Необзаведен,950000.0,EUR,False, продажба,многостаен,,,,,,,4,,,homesbg,,,,,,,0cc637abd12cd1f64c8ceeabb61876eb
