id,type,url,time,location,title,description,status,photos,price_value,price_currency,price_per_square_meter,price_period,main_photo,is_favorite,offer_type,property_type,date_added,search_url,total_offers,location_id,num_photos,neighborhoods,main_property_type
1247316,as,https://homes.bg/offer/apartament-za-prodazhba/chetiristaen-165m2-sofiya-zhk.-iztok/as1247316,днес,"жк. Изток, София","Четиристаен, 165m²","Тухла, Полуобзаведен, ТЕЦ",1,"['https://homes.bg/2022-05-13_2/83611761', 'https://homes.bg/2022-05-13_2/83611759', 'https://homes.bg/2022-05-13_2/83611760', 'https://homes.bg/2022-05-13_2/83611765', 'https://homes.bg/2022-05-13_2/83611764', 'https://homes.bg/2022-05-13_2/83611763', 'https://homes.bg/2022-05-13_2/83611758', 'https://homes.bg/2022-05-13_2/83611757', 'https://homes.bg/2022-05-13_2/83611762', 'https://homes.bg/2020-05-31_2/51517166']",430000.0,EUR,"2,606 EUR/m²",,,False, продажба,PropertyType.CHETIRISTAEN,2025-05-05 18:02:30.399442,https://www.homes.bg/api/offers?currencyId=1&filterOrderBy=0&locationId=1&typeId=ApartmentSell&neighbourhoods%5B%5D=424,41,София,10.0,['Изток'],апартамент
1539590,as,https://homes.bg/offer/apartament-za-prodazhba/tristaen-127m2-sofiya-zhk.-iztok/as1539590,вчера,"жк. Изток, София","Тристаен, 127m²","Тухла, Обзаведен, ТЕЦ",1,"['https://homes.bg/2024-01-10_1/107839052', 'https://homes.bg/2024-01-10_1/107839053', 'https://homes.bg/2024-01-10_1/107839054', 'https://homes.bg/2024-01-10_1/107839055', 'https://homes.bg/2024-01-10_1/107839056', 'https://homes.bg/2024-01-10_1/107839057', 'https://homes.bg/2024-01-10_1/107839058', 'https://homes.bg/2024-01-10_1/107839059', 'https://homes.bg/2024-01-10_1/107839060', 'https://homes.bg/2024-01-10_1/107839061']",0.0,EUR,0 EUR/m²,,,False, продажба,PropertyType.TRISTAEN,2025-05-05 18:02:30.399518,https://www.homes.bg/api/offers?currencyId=1&filterOrderBy=0&locationId=1&typeId=ApartmentSell&neighbourhoods%5B%5D=424,41,София,10.0,['Изток'],апартамент
1610800,as,https://homes.bg/offer/apartament-za-prodazhba/dvustaen-63m2-sofiya-zhk.-iztok/as1610800,,"жк. Изток, София","Двустаен, 63m²","ЕПК, ТЕЦ",1,"['https://homes.bg/2025-02-07_1/112957947', 'https://homes.bg/2025-02-07_1/112957948', 'https://homes.bg/2025-02-07_1/112957949', 'https://homes.bg/2025-02-07_1/112957950', 'https://homes.bg/2025-02-07_1/112957951', 'https://homes.bg/2025-02-07_1/112957952', 'https://homes.bg/2025-02-07_1/112957953', 'https://homes.bg/2025-02-07_1/112957954', 'https://homes.bg/2025-02-07_1/112957955', 'https://homes.bg/2025-02-07_1/112957956']",210000.0,EUR,"3,333 EUR/m²",,,False, продажба,PropertyType.DVUSTAEN,2025-05-05 18:02:30.399559,https://www.homes.bg/api/offers?currencyId=1&filterOrderBy=0&locationId=1&typeId=ApartmentSell&neighbourhoods%5B%5D=424,41,София,10.0,['Изток'],апартамент
1625867,as,https://homes.bg/offer/apartament-za-prodazhba/tristaen-76m2-sofiya-zhk.-iztok/as1625867,,"жк. Изток, София","Тристаен, 76m²","Тухла, ТЕЦ",1,"['https://homes.bg/2025-05-03_1/113983858', 'https://homes.bg/2025-05-03_1/113983859', 'https://homes.bg/2025-05-03_1/113983860', 'https://homes.bg/2025-05-03_1/113983861', 'https://homes.bg/2025-05-03_1/113983862', 'https://homes.bg/2025-05-03_1/113983863', 'https://homes.bg/2025-05-03_1/113983864', 'https://homes.bg/2025-05-03_1/113983865', 'https://homes.bg/2025-05-03_1/113983866']",320000.0,EUR,"4,210 EUR/m²",,,False, продажба,PropertyType.TRISTAEN,2025-05-05 18:02:30.399620,https://www.homes.bg/api/offers?currencyId=1&filterOrderBy=0&locationId=1&typeId=ApartmentSell&neighbourhoods%5B%5D=424,41,София,9.0,['Изток'],апартамент
1592031,as,https://homes.bg/offer/apartament-za-prodazhba/chetiristaen-175m2-sofiya-zhk.-iztok/as1592031,,"жк. Изток, София","Четиристаен, 175m²","Тухла, Обзаведен, Електричество",1,"['https://homes.bg/2025-05-01_2/113960990', 'https://homes.bg/2025-05-01_2/113960991', 'https://homes.bg/2025-05-01_2/113960992', 'https://homes.bg/2025-05-01_2/113960993', 'https://homes.bg/2025-05-01_2/113960994', 'https://homes.bg/2025-05-01_2/113960995', 'https://homes.bg/2025-05-01_2/113960996', 'https://homes.bg/2025-05-01_2/113960997', 'https://homes.bg/2025-05-01_2/113960998', 'https://homes.bg/2025-05-01_2/113960999']",472500.0,EUR,"2,700 EUR/m²",,,False, продажба,PropertyType.CHETIRISTAEN,2025-05-05 18:02:30.399659,https://www.homes.bg/api/offers?currencyId=1&filterOrderBy=0&locationId=1&typeId=ApartmentSell&neighbourhoods%5B%5D=424,41,София,10.0,['Изток'],апартамент
1624117,as,https://homes.bg/offer/apartament-za-prodazhba/tristaen-160m2-sofiya-zhk.-iztok/as1624117,,"жк. Изток, София","Тристаен, 160m²","Тухла, Обзаведен, ТЕЦ",1,"['https://homes.bg/2025-05-01_2/113961052', 'https://homes.bg/2025-05-01_2/113961053', 'https://homes.bg/2025-05-01_2/113961054', 'https://homes.bg/2025-05-01_2/113961055', 'https://homes.bg/2025-05-01_2/113961056', 'https://homes.bg/2025-05-01_2/113961057', 'https://homes.bg/2025-05-01_2/113961058', 'https://homes.bg/2025-05-01_2/113961059', 'https://homes.bg/2025-05-01_2/113961060', 'https://homes.bg/2025-05-01_2/113961061']",650000.0,EUR,"4,062 EUR/m²",,,False, продажба,PropertyType.TRISTAEN,2025-05-05 18:02:30.399686,https://www.homes.bg/api/offers?currencyId=1&filterOrderBy=0&locationId=1&typeId=ApartmentSell&neighbourhoods%5B%5D=424,41,София,10.0,['Изток'],апартамент
1622795,as,https://homes.bg/offer/apartament-za-prodazhba/tristaen-110m2-sofiya-zhk.-iztok/as1622795,,"жк. Изток, София","Тристаен, 110m²","Тухла, ТЕЦ",1,"['https://homes.bg/2025-04-16_1/113777658', 'https://homes.bg/2025-04-16_1/113777659', 'https://homes.bg/2025-04-16_1/113777660']",636434.0,EUR,"5,785 EUR/m²",,,False, продажба,PropertyType.TRISTAEN,2025-05-05 18:02:30.399703,https://www.homes.bg/api/offers?currencyId=1&filterOrderBy=0&locationId=1&typeId=ApartmentSell&neighbourhoods%5B%5D=424,41,София,3.0,['Изток'],апартамент
1611429,as,https://homes.bg/offer/apartament-za-prodazhba/mnogostaen-145m2-sofiya-zhk.-iztok/as1611429,,"жк. Изток, София","Многостаен, 145m²",Тухла,1,"['https://homes.bg/2025-02-11_1/112996798', 'https://homes.bg/2025-02-11_1/112996799', 'https://homes.bg/2025-02-11_1/112996800', 'https://homes.bg/2025-02-11_1/112996801', 'https://homes.bg/2025-02-11_1/112996802', 'https://homes.bg/2025-02-11_1/112996803', 'https://homes.bg/2025-02-11_1/112996804', 'https://homes.bg/2025-02-11_1/112996805', 'https://homes.bg/2025-02-11_1/112996806', 'https://homes.bg/2025-02-11_1/112996807']",349000.0,EUR,"2,406 EUR/m²",,,False, продажба,PropertyType.MNOGOSTAEN,2025-05-05 18:02:30.399723,https://www.homes.bg/api/offers?currencyId=1&filterOrderBy=0&locationId=1&typeId=ApartmentSell&neighbourhoods%5B%5D=424,41,София,10.0,['Изток'],апартамент
1610813,as,https://homes.bg/offer/apartament-za-prodazhba/tristaen-103m2-sofiya-zhk.-iztok/as1610813,,"жк. Изток, София","Тристаен, 103m²","Тухла, ТЕЦ",1,"['https://homes.bg/2025-02-11_1/112996881', 'https://homes.bg/2025-02-11_1/112996882', 'https://homes.bg/2025-02-11_1/112996883', 'https://homes.bg/2025-02-11_1/112996884', 'https://homes.bg/2025-02-11_1/112996885', 'https://homes.bg/2025-02-11_1/112996886', 'https://homes.bg/2025-02-11_1/112996887', 'https://homes.bg/2025-02-11_1/112996888', 'https://homes.bg/2025-02-11_1/112996889', 'https://homes.bg/2025-02-11_1/112996890']",259900.0,EUR,"2,523 EUR/m²",,,False, продажба,PropertyType.TRISTAEN,2025-05-05 18:02:30.399743,https://www.homes.bg/api/offers?currencyId=1&filterOrderBy=0&locationId=1&typeId=ApartmentSell&neighbourhoods%5B%5D=424,41,София,10.0,['Изток'],апартамент
1613556,as,https://homes.bg/offer/apartament-za-prodazhba/mnogostaen-209m2-sofiya-zhk.-iztok/as1613556,,"жк. Изток, София","Многостаен, 209m²","Тухла, Необзаведен, ТЕЦ",1,"['https://homes.bg/2025-02-21_1/113118043', 'https://homes.bg/2025-02-21_1/113118044', 'https://homes.bg/2025-02-21_1/113118045']",514800.0,EUR,"2,463 EUR/m²",,,False, продажба,PropertyType.MNOGOSTAEN,2025-05-05 18:02:30.399760,https://www.homes.bg/api/offers?currencyId=1&filterOrderBy=0&locationId=1&typeId=ApartmentSell&neighbourhoods%5B%5D=424,41,София,3.0,['Изток'],апартамент
1624762,as,https://homes.bg/offer/apartament-za-prodazhba/tristaen-84m2-sofiya-zhk.-iztok/as1624762,,"жк. Изток, София","Тристаен, 84m²","Тухла, Полуобзаведен, ТЕЦ",1,"['https://homes.bg/2025-04-26_1/113895974', 'https://homes.bg/2025-04-26_1/113895975', 'https://homes.bg/2025-04-26_1/113895976', 'https://homes.bg/2025-04-26_1/113895977', 'https://homes.bg/2025-04-26_1/113895978', 'https://homes.bg/2025-04-26_1/113895979', 'https://homes.bg/2025-04-26_1/113895980', 'https://homes.bg/2025-04-26_1/113895981', 'https://homes.bg/2025-04-26_1/113895982', 'https://homes.bg/2025-04-26_1/113895983']",329000.0,EUR,"3,916 EUR/m²",,,False, продажба,PropertyType.TRISTAEN,2025-05-05 18:02:30.399779,https://www.homes.bg/api/offers?currencyId=1&filterOrderBy=0&locationId=1&typeId=ApartmentSell&neighbourhoods%5B%5D=424,41,София,10.0,['Изток'],апартамент
1624159,as,https://homes.bg/offer/apartament-za-prodazhba/chetiristaen-141m2-sofiya-zhk.-iztok/as1624159,,"жк. Изток, София","Четиристаен, 141m²","Тухла, Обзаведен, ТЕЦ",1,"['https://homes.bg/2025-04-25_2/113893146', 'https://homes.bg/2025-04-25_2/113893147', 'https://homes.bg/2025-04-25_2/113893148', 'https://homes.bg/2025-04-25_2/113893149', 'https://homes.bg/2025-04-25_2/113893150', 'https://homes.bg/2025-04-25_2/113893151', 'https://homes.bg/2025-04-25_2/113893152', 'https://homes.bg/2025-04-25_2/113893153', 'https://homes.bg/2025-04-25_2/113893154', 'https://homes.bg/2025-04-25_2/113893155']",489000.0,EUR,"3,468 EUR/m²",,,False, продажба,PropertyType.CHETIRISTAEN,2025-05-05 18:02:30.399798,https://www.homes.bg/api/offers?currencyId=1&filterOrderBy=0&locationId=1&typeId=ApartmentSell&neighbourhoods%5B%5D=424,41,София,10.0,['Изток'],апартамент
1539589,as,https://homes.bg/offer/apartament-za-prodazhba/tristaen-129m2-sofiya-zhk.-iztok/as1539589,,"жк. Изток, София","Тристаен, 129m²","Тухла, Обзаведен, ТЕЦ",1,"['https://homes.bg/2024-01-10_1/107838912', 'https://homes.bg/2024-01-10_1/107838913', 'https://homes.bg/2024-01-10_1/107838914', 'https://homes.bg/2024-01-10_1/107838915', 'https://homes.bg/2024-01-10_1/107838916', 'https://homes.bg/2024-01-10_1/107838917', 'https://homes.bg/2024-01-10_1/107838918', 'https://homes.bg/2024-01-10_1/107838919', 'https://homes.bg/2024-01-10_1/107838920', 'https://homes.bg/2024-01-10_1/107838921']",585000.0,EUR,"4,534 EUR/m²",,,False, продажба,PropertyType.TRISTAEN,2025-05-05 18:02:30.399821,https://www.homes.bg/api/offers?currencyId=1&filterOrderBy=0&locationId=1&typeId=ApartmentSell&neighbourhoods%5B%5D=424,41,София,10.0,['Изток'],апартамент
1607074,as,https://homes.bg/offer/apartament-za-prodazhba/tristaen-88m2-sofiya-zhk.-iztok/as1607074,,"жк. Изток, София","Тристаен, 88m²","Тухла, Полуобзаведен, ТЕЦ",1,"['https://homes.bg/2025-01-22_1/112769773', 'https://homes.bg/2025-01-22_1/112769774', 'https://homes.bg/2025-01-22_1/112769775', 'https://homes.bg/2025-01-22_1/112769776', 'https://homes.bg/2025-01-22_1/112769777', 'https://homes.bg/2025-01-22_1/112769778']",310000.0,EUR,"3,522 EUR/m²",,,False, продажба,PropertyType.TRISTAEN,2025-05-05 18:02:30.399845,https://www.homes.bg/api/offers?currencyId=1&filterOrderBy=0&locationId=1&typeId=ApartmentSell&neighbourhoods%5B%5D=424,41,София,6.0,['Изток'],апартамент
1611428,as,https://homes.bg/offer/apartament-za-prodazhba/tristaen-158m2-sofiya-zhk.-iztok/as1611428,,"жк. Изток, София","Тристаен, 158m²","Тухла, ТЕЦ",1,"['https://homes.bg/2025-02-11_1/112996790', 'https://homes.bg/2025-02-11_1/112996791', 'https://homes.bg/2025-02-11_1/112996792', 'https://homes.bg/2025-02-11_1/112996793', 'https://homes.bg/2025-02-11_1/112996794', 'https://homes.bg/2025-02-11_1/112996795', 'https://homes.bg/2025-02-11_1/112996796', 'https://homes.bg/2025-02-11_1/112996797']",379000.0,EUR,"2,398 EUR/m²",,,False, продажба,PropertyType.TRISTAEN,2025-05-05 18:02:30.399864,https://www.homes.bg/api/offers?currencyId=1&filterOrderBy=0&locationId=1&typeId=ApartmentSell&neighbourhoods%5B%5D=424,41,София,8.0,['Изток'],апартамент
1592972,as,https://homes.bg/offer/apartament-za-prodazhba/dvustaen-71m2-sofiya-zhk.-iztok/as1592972,,"жк. Изток, София","Двустаен, 71m²","Тухла, Полуобзаведен, ТЕЦ",1,[],220000.0,EUR,"3,098 EUR/m²",,,False, продажба,PropertyType.DVUSTAEN,2025-05-05 18:02:30.399880,https://www.homes.bg/api/offers?currencyId=1&filterOrderBy=0&locationId=1&typeId=ApartmentSell&neighbourhoods%5B%5D=424,41,София,0.0,['Изток'],апартамент
1623284,as,https://homes.bg/offer/apartament-za-prodazhba/tristaen-150m2-sofiya-zhk.-iztok/as1623284,,"жк. Изток, София","Тристаен, 150m²",Тухла,1,"['https://homes.bg/2025-04-17_1/113796352', 'https://homes.bg/2025-04-17_1/113796353', 'https://homes.bg/2025-04-17_1/113796354', 'https://homes.bg/2025-04-17_1/113796355', 'https://homes.bg/2025-04-17_1/113796356']",869072.0,EUR,"5,793 EUR/m²",,,False, продажба,PropertyType.TRISTAEN,2025-05-05 18:02:30.399898,https://www.homes.bg/api/offers?currencyId=1&filterOrderBy=0&locationId=1&typeId=ApartmentSell&neighbourhoods%5B%5D=424,41,София,5.0,['Изток'],апартамент
1622796,as,https://homes.bg/offer/apartament-za-prodazhba/chetiristaen-314m2-sofiya-zhk.-iztok/as1622796,,"жк. Изток, София","Четиристаен, 314m²","Тухла, ТЕЦ",1,"['https://homes.bg/2025-04-16_1/113777661', 'https://homes.bg/2025-04-16_1/113777662', 'https://homes.bg/2025-04-16_1/113777663', 'https://homes.bg/2025-04-16_1/113777664', 'https://homes.bg/2025-04-16_1/113777665', 'https://homes.bg/2025-04-16_1/113777666', 'https://homes.bg/2025-04-16_1/113777667']",1838187.0,EUR,"5,854 EUR/m²",,,False, продажба,PropertyType.CHETIRISTAEN,2025-05-05 18:02:30.399920,https://www.homes.bg/api/offers?currencyId=1&filterOrderBy=0&locationId=1&typeId=ApartmentSell&neighbourhoods%5B%5D=424,41,София,7.0,['Изток'],апартамент
1597780,as,https://homes.bg/offer/apartament-za-prodazhba/dvustaen-68m2-sofiya-zhk.-iztok/as1597780,,"жк. Изток, София","Двустаен, 68m²",Панел,1,"['https://homes.bg/2024-11-21_1/112140194', 'https://homes.bg/2024-11-21_1/112140195', 'https://homes.bg/2024-11-21_1/112140196', 'https://homes.bg/2024-11-21_1/112140197', 'https://homes.bg/2024-11-21_1/112140198', 'https://homes.bg/2024-11-21_1/112140199', 'https://homes.bg/2024-11-21_1/112140200', 'https://homes.bg/2024-11-21_1/112140201', 'https://homes.bg/2024-11-21_1/112140202', 'https://homes.bg/2024-11-21_1/112140203']",210000.0,EUR,"3,088 EUR/m²",,,False, продажба,PropertyType.DVUSTAEN,2025-05-05 18:02:30.399941,https://www.homes.bg/api/offers?currencyId=1&filterOrderBy=0&locationId=1&typeId=ApartmentSell&neighbourhoods%5B%5D=424,41,София,10.0,['Изток'],апартамент
1585662,as,https://homes.bg/offer/apartament-za-prodazhba/chetiristaen-193m2-sofiya-zhk.-iztok/as1585662,,"жк. Изток, София","Четиристаен, 193m²","Тухла, Необзаведен, ТЕЦ",1,"['https://homes.bg/2024-11-24_2/112184705', 'https://homes.bg/2024-11-24_2/112184706', 'https://homes.bg/2024-11-24_2/112184707', 'https://homes.bg/2024-11-24_2/112184708', 'https://homes.bg/2024-11-24_2/112184709', 'https://homes.bg/2024-11-24_2/112184710', 'https://homes.bg/2024-11-24_2/112184711', 'https://homes.bg/2024-11-24_2/112184713', 'https://homes.bg/2024-11-24_2/112184714', 'https://homes.bg/2024-11-24_2/112184715']",510000.0,EUR,"2,642 EUR/m²",,,False, продажба,PropertyType.CHETIRISTAEN,2025-05-05 18:02:30.399962,https://www.homes.bg/api/offers?currencyId=1&filterOrderBy=0&locationId=1&typeId=ApartmentSell&neighbourhoods%5B%5D=424,41,София,10.0,['Изток'],апартамент
1620865,as,https://homes.bg/offer/apartament-za-prodazhba/tristaen-80m2-sofiya-zhk.-iztok/as1620865,,"жк. Изток, София","Тристаен, 80m²","Тухла, Необзаведен, ТЕЦ",1,"['https://homes.bg/2025-04-04_1/113629854', 'https://homes.bg/2025-04-04_1/113629855', 'https://homes.bg/2025-04-04_1/113629856', 'https://homes.bg/2025-04-04_1/113629858', 'https://homes.bg/2025-04-04_1/113629859', 'https://homes.bg/2025-04-04_1/113629860', 'https://homes.bg/2025-04-04_1/113629861', 'https://homes.bg/2025-04-04_1/113629862', 'https://homes.bg/2025-04-04_1/113629863']",302000.0,EUR,"3,775 EUR/m²",,,False, продажба,PropertyType.TRISTAEN,2025-05-05 18:02:30.399992,https://www.homes.bg/api/offers?currencyId=1&filterOrderBy=0&locationId=1&typeId=ApartmentSell&neighbourhoods%5B%5D=424,41,София,9.0,['Изток'],апартамент
960560,as,https://homes.bg/offer/apartament-za-prodazhba/chetiristaen-200m2-sofiya-zhk.-iztok/as960560,,"жк. Изток, София","Четиристаен, 200m²","Тухла, Необзаведен, ТЕЦ",1,[],400000.0,EUR,"2,000 EUR/m²",,,False, продажба,PropertyType.CHETIRISTAEN,2025-05-05 18:02:30.400008,https://www.homes.bg/api/offers?currencyId=1&filterOrderBy=0&locationId=1&typeId=ApartmentSell&neighbourhoods%5B%5D=424,41,София,0.0,['Изток'],апартамент
1579668,as,https://homes.bg/offer/apartament-za-prodazhba/dvustaen-77m2-sofiya-zhk.-iztok/as1579668,,"жк. Изток, София","Двустаен, 77m²","Тухла, ТЕЦ",1,"['https://homes.bg/2025-01-25_1/112817485', 'https://homes.bg/2025-01-25_1/112817486', 'https://homes.bg/2025-01-25_1/112817487', 'https://homes.bg/2025-01-25_1/112817488', 'https://homes.bg/2025-01-25_1/112817489', 'https://homes.bg/2025-01-25_1/112817490', 'https://homes.bg/2025-01-25_1/112817491', 'https://homes.bg/2025-01-25_1/112817492', 'https://homes.bg/2025-01-25_1/112817493', 'https://homes.bg/2025-01-25_1/112817494']",292500.0,EUR,"3,798 EUR/m²",,,False, продажба,PropertyType.DVUSTAEN,2025-05-05 18:02:30.400029,https://www.homes.bg/api/offers?currencyId=1&filterOrderBy=0&locationId=1&typeId=ApartmentSell&neighbourhoods%5B%5D=424,41,София,10.0,['Изток'],апартамент
1136514,as,https://homes.bg/offer/apartament-za-prodazhba/tristaen-100m2-sofiya-zhk.-iztok/as1136514,,"жк. Изток, София","Тристаен, 100m²","Панел, Полуобзаведен, ТЕЦ",1,"['https://homes.bg/2022-03-14_2/81108289', 'https://homes.bg/2022-03-14_2/81108291', 'https://homes.bg/2022-03-14_2/81108293', 'https://homes.bg/2022-03-14_2/81108294', 'https://homes.bg/2022-03-14_2/81108297', 'https://homes.bg/2022-03-14_2/81108299', 'https://homes.bg/2022-03-14_2/81108303', 'https://homes.bg/2022-03-14_2/81108305', 'https://homes.bg/2022-03-14_2/81108311', 'https://homes.bg/2022-03-14_2/81108312']",200000.0,EUR,"2,000 EUR/m²",,,False, продажба,PropertyType.TRISTAEN,2025-05-05 18:02:30.400051,https://www.homes.bg/api/offers?currencyId=1&filterOrderBy=0&locationId=1&typeId=ApartmentSell&neighbourhoods%5B%5D=424,41,София,10.0,['Изток'],апартамент
1201170,as,https://homes.bg/offer/apartament-za-prodazhba/tristaen-130m2-sofiya-zhk.-iztok/as1201170,,"жк. Изток, София","Тристаен, 130m²","Тухла, Обзаведен, Локално отопление",1,"['https://homes.bg/2021-12-26_1/78513353', 'https://homes.bg/2021-12-26_1/78513354', 'https://homes.bg/2021-12-26_1/78513355', 'https://homes.bg/2021-12-26_1/78513356', 'https://homes.bg/2021-12-26_1/78513357', 'https://homes.bg/2021-12-26_1/78513358', 'https://homes.bg/2021-12-26_1/78513359', 'https://homes.bg/2021-12-26_1/78513360', 'https://homes.bg/2021-12-26_1/78513361', 'https://homes.bg/2021-12-26_1/78513362']",0.0,EUR,0 EUR/m²,,,False, продажба,PropertyType.TRISTAEN,2025-05-05 18:02:30.400076,https://www.homes.bg/api/offers?currencyId=1&filterOrderBy=0&locationId=1&typeId=ApartmentSell&neighbourhoods%5B%5D=424,41,София,10.0,['Изток'],апартамент
1582034,as,https://homes.bg/offer/apartament-za-prodazhba/tristaen-173m2-sofiya-zhk.-iztok/as1582034,,"жк. Изток, София","Тристаен, 173m²","Тухла, Обзаведен",1,"['https://homes.bg/2025-02-22_2/113136873', 'https://homes.bg/2025-02-22_2/113136874', 'https://homes.bg/2025-02-22_2/113136875', 'https://homes.bg/2025-02-22_2/113136876', 'https://homes.bg/2025-02-22_2/113136877', 'https://homes.bg/2025-02-22_2/113136878', 'https://homes.bg/2025-02-22_2/113136879', 'https://homes.bg/2025-02-22_2/113136880', 'https://homes.bg/2025-02-22_2/113136881', 'https://homes.bg/2025-02-22_2/113136882']",650000.0,EUR,"3,757 EUR/m²",,,False, продажба,PropertyType.TRISTAEN,2025-05-05 18:02:30.400096,https://www.homes.bg/api/offers?currencyId=1&filterOrderBy=0&locationId=1&typeId=ApartmentSell&neighbourhoods%5B%5D=424,41,София,10.0,['Изток'],апартамент
1606875,as,https://homes.bg/offer/apartament-za-prodazhba/dvustaen-75m2-sofiya-zhk.-iztok/as1606875,,"жк. Изток, София","Двустаен, 75m²","ЕПК, Обзаведен, Локално отопление",1,"['https://homes.bg/2025-01-23_1/112786954', 'https://homes.bg/2025-01-23_1/112786955', 'https://homes.bg/2025-01-23_1/112786956', 'https://homes.bg/2025-01-23_1/112786957', 'https://homes.bg/2025-01-23_1/112786958', 'https://homes.bg/2025-01-23_1/112786959', 'https://homes.bg/2025-01-23_1/112786960', 'https://homes.bg/2025-01-23_1/112786961', 'https://homes.bg/2025-01-23_1/112786962', 'https://homes.bg/2025-01-23_1/112786963']",325000.0,EUR,"4,333 EUR/m²",,,False, продажба,PropertyType.DVUSTAEN,2025-05-05 18:02:30.400116,https://www.homes.bg/api/offers?currencyId=1&filterOrderBy=0&locationId=1&typeId=ApartmentSell&neighbourhoods%5B%5D=424,41,София,10.0,['Изток'],апартамент
1606700,as,https://homes.bg/offer/apartament-za-prodazhba/chetiristaen-343m2-sofiya-zhk.-iztok/as1606700,,"жк. Изток, София","Четиристаен, 343m²","Тухла, Обзаведен, ТЕЦ",1,"['https://homes.bg/2025-01-21_2/112766320', 'https://homes.bg/2025-01-21_2/112766321', 'https://homes.bg/2025-01-21_2/112766322', 'https://homes.bg/2025-01-21_2/112766323', 'https://homes.bg/2025-01-21_2/112766324', 'https://homes.bg/2025-01-21_2/112766325', 'https://homes.bg/2025-01-21_2/112766326', 'https://homes.bg/2025-01-21_2/112766327', 'https://homes.bg/2025-01-21_2/112766328', 'https://homes.bg/2025-01-21_2/112766329']",1140000.0,EUR,"3,323 EUR/m²",,,False, продажба,PropertyType.CHETIRISTAEN,2025-05-05 18:02:30.400135,https://www.homes.bg/api/offers?currencyId=1&filterOrderBy=0&locationId=1&typeId=ApartmentSell&neighbourhoods%5B%5D=424,41,София,10.0,['Изток'],апартамент
1596699,as,https://homes.bg/offer/apartament-za-prodazhba/tristaen-149m2-sofiya-zhk.-iztok/as1596699,,"жк. Изток, София","Тристаен, 149m²","Тухла, Обзаведен, ТЕЦ",1,"['https://homes.bg/2024-11-01_2/111868837', 'https://homes.bg/2024-11-01_2/111868835', 'https://homes.bg/2024-11-01_2/111868836', 'https://homes.bg/2024-11-01_2/111868840', 'https://homes.bg/2024-11-01_2/111868839', 'https://homes.bg/2024-11-01_2/111868831', 'https://homes.bg/2024-11-01_2/111868832', 'https://homes.bg/2024-11-01_2/111868838', 'https://homes.bg/2024-11-01_2/111868834', 'https://homes.bg/2024-11-01_2/111868833']",530000.0,EUR,"3,557 EUR/m²",,,False, продажба,PropertyType.TRISTAEN,2025-05-05 18:02:30.400158,https://www.homes.bg/api/offers?currencyId=1&filterOrderBy=0&locationId=1&typeId=ApartmentSell&neighbourhoods%5B%5D=424,41,София,10.0,['Изток'],апартамент
978482,as,https://homes.bg/offer/apartament-za-prodazhba/dvustaen-62m2-sofiya-zhk.-iztok/as978482,,"жк. Изток, София","Двустаен, 62m²","Тухла, Полуобзаведен, ТЕЦ",1,"['https://homes.bg/2020-06-04_1/51603724', 'https://homes.bg/2020-06-04_1/51603725', 'https://homes.bg/2020-06-04_1/51603726', 'https://homes.bg/2020-06-04_1/51603727', 'https://homes.bg/2020-06-04_1/51603728', 'https://homes.bg/2020-06-04_1/51603729', 'https://homes.bg/2020-06-04_1/51603730', 'https://homes.bg/2020-06-04_1/51603731', 'https://homes.bg/2020-06-04_1/51603732', 'https://homes.bg/2020-06-04_1/51603733']",198000.0,EUR,"3,193 EUR/m²",,,False, продажба,PropertyType.DVUSTAEN,2025-05-05 18:02:30.400179,https://www.homes.bg/api/offers?currencyId=1&filterOrderBy=0&locationId=1&typeId=ApartmentSell&neighbourhoods%5B%5D=424,41,София,10.0,['Изток'],апартамент
1396471,as,https://homes.bg/offer/apartament-za-prodazhba/chetiristaen-380m2-sofiya-zhk.-iztok/as1396471,,"жк. Изток, София","Четиристаен, 380m²","Тухла, Обзаведен",1,"['https://homes.bg/2024-10-11_2/111594269', 'https://homes.bg/2024-10-11_2/111594270', 'https://homes.bg/2024-10-11_2/111594271', 'https://homes.bg/2024-10-11_2/111594272', 'https://homes.bg/2024-10-11_2/111594273', 'https://homes.bg/2024-10-11_2/111594274', 'https://homes.bg/2024-10-11_2/111594275', 'https://homes.bg/2024-10-11_2/111594276', 'https://homes.bg/2024-10-11_2/111594277', 'https://homes.bg/2024-10-11_2/111594278']",750000.0,EUR,"1,973 EUR/m²",,,False, продажба,PropertyType.CHETIRISTAEN,2025-05-05 18:02:30.400199,https://www.homes.bg/api/offers?currencyId=1&filterOrderBy=0&locationId=1&typeId=ApartmentSell&neighbourhoods%5B%5D=424,41,София,10.0,['Изток'],апартамент
1541139,as,https://homes.bg/offer/apartament-za-prodazhba/tristaen-129m2-sofiya-zhk.-iztok/as1541139,,"жк. Изток, София","Тристаен, 129m²","Обзаведен, ТЕЦ",1,"['https://homes.bg/2024-01-17_1/107936628', 'https://homes.bg/2024-01-17_1/107936629', 'https://homes.bg/2024-01-17_1/107936630', 'https://homes.bg/2024-01-17_1/107936631', 'https://homes.bg/2024-01-17_1/107936632', 'https://homes.bg/2024-01-17_1/107936633', 'https://homes.bg/2024-01-17_1/107936634', 'https://homes.bg/2024-01-17_1/107936635', 'https://homes.bg/2024-01-17_1/107936636', 'https://homes.bg/2024-01-17_1/107936637']",585000.0,EUR,"4,534 EUR/m²",,,False, продажба,PropertyType.TRISTAEN,2025-05-05 18:02:30.400220,https://www.homes.bg/api/offers?currencyId=1&filterOrderBy=0&locationId=1&typeId=ApartmentSell&neighbourhoods%5B%5D=424,41,София,10.0,['Изток'],апартамент
1538583,as,https://homes.bg/offer/apartament-za-prodazhba/chetiristaen-150m2-sofiya-zhk.-iztok/as1538583,,"жк. Изток, София","Четиристаен, 150m²","Тухла, Необзаведен, Електричество",1,['https://homes.bg/2024-01-06_2/107792252'],377000.0,EUR,"2,513 EUR/m²",,,False, продажба,PropertyType.CHETIRISTAEN,2025-05-05 18:02:30.400236,https://www.homes.bg/api/offers?currencyId=1&filterOrderBy=0&locationId=1&typeId=ApartmentSell&neighbourhoods%5B%5D=424,41,София,1.0,['Изток'],апартамент
1528438,as,https://homes.bg/offer/apartament-za-prodazhba/tristaen-156m2-sofiya-zhk.-iztok/as1528438,,"жк. Изток, София","Тристаен, 156m²","Тухла, Необзаведен, ТЕЦ",1,"['https://homes.bg/2023-11-06_1/106939886', 'https://homes.bg/2023-11-06_1/106939887', 'https://homes.bg/2023-11-06_1/106939888', 'https://homes.bg/2023-11-06_1/106939889', 'https://homes.bg/2023-11-06_1/106939890', 'https://homes.bg/2023-11-06_1/106939891']",377000.0,EUR,"2,416 EUR/m²",,,False, продажба,PropertyType.TRISTAEN,2025-05-05 18:02:30.400255,https://www.homes.bg/api/offers?currencyId=1&filterOrderBy=0&locationId=1&typeId=ApartmentSell&neighbourhoods%5B%5D=424,41,София,6.0,['Изток'],апартамент
1402479,as,https://homes.bg/offer/apartament-za-prodazhba/chetiristaen-115m2-sofiya-zhk.-iztok/as1402479,,"жк. Изток, София","Четиристаен, 115m²","Тухла, Полуобзаведен, ТЕЦ",1,"['https://homes.bg/2022-03-30_1/81761440', 'https://homes.bg/2022-03-30_1/81761432', 'https://homes.bg/2022-03-30_1/81761434', 'https://homes.bg/2022-03-30_1/81761436', 'https://homes.bg/2022-03-30_1/81761438', 'https://homes.bg/2022-03-30_1/81761469', 'https://homes.bg/2022-03-30_1/81761446', 'https://homes.bg/2022-03-30_1/81761427', 'https://homes.bg/2022-03-30_1/81761429', 'https://homes.bg/2022-03-30_1/81761497']",320000.0,EUR,"2,782 EUR/m²",,,False, продажба,PropertyType.CHETIRISTAEN,2025-05-05 18:02:30.400275,https://www.homes.bg/api/offers?currencyId=1&filterOrderBy=0&locationId=1&typeId=ApartmentSell&neighbourhoods%5B%5D=424,41,София,10.0,['Изток'],апартамент
1222581,as,https://homes.bg/offer/apartament-za-prodazhba/mezonet-266m2-sofiya-zhk.-iztok/as1222581,,"жк. Изток, София","Мезонет, 266m²","Тухла, Обзаведен, Локално отопление",1,"['https://homes.bg/2020-02-19_1/48958426', 'https://homes.bg/2020-02-19_1/48958433', 'https://homes.bg/2020-02-19_1/48958438', 'https://homes.bg/2020-02-19_1/48958442', 'https://homes.bg/2020-02-19_1/48958446', 'https://homes.bg/2020-02-19_1/48958451', 'https://homes.bg/2020-02-19_1/48958454', 'https://homes.bg/2020-02-19_1/48958458', 'https://homes.bg/2020-02-19_1/48958463', 'https://homes.bg/2020-02-19_1/48958466']",457520.0,EUR,"1,720 EUR/m²",,,False, продажба,PropertyType.MEZONET,2025-05-05 18:02:30.400296,https://www.homes.bg/api/offers?currencyId=1&filterOrderBy=0&locationId=1&typeId=ApartmentSell&neighbourhoods%5B%5D=424,41,София,10.0,['Изток'],апартамент
1486369,as,https://homes.bg/offer/apartament-za-prodazhba/tristaen-80m2-sofiya-zhk.-iztok/as1486369,,"жк. Изток, София","Тристаен, 80m²","Тухла, Необзаведен, ТЕЦ",1,"['https://homes.bg/2023-04-11_1/97370722', 'https://homes.bg/2023-04-11_1/97370724', 'https://homes.bg/2023-04-11_1/97370726']",375000.0,EUR,"4,687 EUR/m²",,,False, продажба,PropertyType.TRISTAEN,2025-05-05 18:02:30.400312,https://www.homes.bg/api/offers?currencyId=1&filterOrderBy=0&locationId=1&typeId=ApartmentSell&neighbourhoods%5B%5D=424,41,София,3.0,['Изток'],апартамент
1598418,as,https://homes.bg/offer/apartament-za-prodazhba/tristaen-140m2-sofiya-zhk.-iztok/as1598418,,"жк. Изток, София","Тристаен, 140m²","Тухла, Необзаведен, ТЕЦ",1,"['https://homes.bg/2024-11-12_1/111996494', 'https://homes.bg/2024-11-12_1/111996495', 'https://homes.bg/2024-11-12_1/111996496', 'https://homes.bg/2024-11-12_1/111996497']",245000.0,EUR,"1,750 EUR/m²",,,False, продажба,PropertyType.TRISTAEN,2025-05-05 18:02:30.400327,https://www.homes.bg/api/offers?currencyId=1&filterOrderBy=0&locationId=1&typeId=ApartmentSell&neighbourhoods%5B%5D=424,41,София,4.0,['Изток'],апартамент
1610269,as,https://homes.bg/offer/apartament-za-prodazhba/mnogostaen-135m2-sofiya-zhk.-iztok/as1610269,,"жк. Изток, София","Многостаен, 135m²","Тухла, Необзаведен, ТЕЦ",1,"['https://homes.bg/2025-02-05_1/112934616', 'https://homes.bg/2025-02-05_1/112934617', 'https://homes.bg/2025-02-05_1/112934618', 'https://homes.bg/2025-02-05_1/112934619', 'https://homes.bg/2025-02-05_1/112934620', 'https://homes.bg/2025-02-05_1/112934621', 'https://homes.bg/2025-02-05_1/112934622', 'https://homes.bg/2025-02-05_1/112934623']",472500.0,EUR,"3,500 EUR/m²",,,False, продажба,PropertyType.MNOGOSTAEN,2025-05-05 18:02:30.400343,https://www.homes.bg/api/offers?currencyId=1&filterOrderBy=0&locationId=1&typeId=ApartmentSell&neighbourhoods%5B%5D=424,41,София,8.0,['Изток'],апартамент
1430573,as,https://homes.bg/offer/apartament-za-prodazhba/ednostaen-72m2-sofiya-zhk.-iztok/as1430573,,"жк. Изток, София","Едностаен, 72m²","Тухла, Необзаведен, ТЕЦ",1,[],180000.0,EUR,"2,500 EUR/m²",,,False, продажба,PropertyType.EDNOSTAEN,2025-05-05 18:02:30.400354,https://www.homes.bg/api/offers?currencyId=1&filterOrderBy=0&locationId=1&typeId=ApartmentSell&neighbourhoods%5B%5D=424,41,София,0.0,['Изток'],апартамент
1405783,as,https://homes.bg/offer/apartament-za-prodazhba/tristaen-119m2-sofiya-zhk.-iztok/as1405783,,"жк. Изток, София","Тристаен, 119m²","Тухла, Необзаведен, ТЕЦ",1,[],460000.0,EUR,"3,865 EUR/m²",,,False, продажба,PropertyType.TRISTAEN,2025-05-05 18:02:30.400365,https://www.homes.bg/api/offers?currencyId=1&filterOrderBy=0&locationId=1&typeId=ApartmentSell&neighbourhoods%5B%5D=424,41,София,0.0,['Изток'],апартамент
