id,type,url,time,location,title,description,status,photos,price_value,price_currency,price_per_square_meter,price_period,main_photo,is_favorite,offer_type,property_type,date_added,search_url,total_offers,location_id,num_photos,neighborhoods,main_property_type
1632145,as,https://homes.bg/offer/apartament-za-prodazhba/mnogostaen-137m2-sofiya-zhk.-dianabad/as1632145,днес,"жк. Дианабад, София","Многостаен, 137m²","Тухла, ТЕЦ",1,"['https://homes.bg/2025-06-07_2/114453345', 'https://homes.bg/2025-06-07_2/114453346']",450565.0,EUR,"3,288 EUR/m²",,,False, продажба,PropertyType.MNOGOSTAEN,2025-06-16 18:03:36.849550,https://www.homes.bg/api/offers?currencyId=1&filterOrderBy=0&locationId=1&typeId=ApartmentSell&neighbourhoods%5B%5D=403,83,София,2.0,['Дианабад'],апартамент
1632139,as,https://homes.bg/offer/apartament-za-prodazhba/dvustaen-60m2-sofiya-zhk.-dianabad/as1632139,днес,"жк. Дианабад, София","Двустаен, 60m²","Тухла, ТЕЦ",1,"['https://homes.bg/2025-06-07_2/114453333', 'https://homes.bg/2025-06-07_2/114453334']",176600.0,EUR,"2,943 EUR/m²",,,False, продажба,PropertyType.DVUSTAEN,2025-06-16 18:03:36.849620,https://www.homes.bg/api/offers?currencyId=1&filterOrderBy=0&locationId=1&typeId=ApartmentSell&neighbourhoods%5B%5D=403,83,София,2.0,['Дианабад'],апартамент
1632141,as,https://homes.bg/offer/apartament-za-prodazhba/tristaen-77m2-sofiya-zhk.-dianabad/as1632141,днес,"жк. Дианабад, София","Тристаен, 77m²","Тухла, ТЕЦ",1,"['https://homes.bg/2025-06-07_2/114453337', 'https://homes.bg/2025-06-07_2/114453338']",237030.0,EUR,"3,078 EUR/m²",,,False, продажба,PropertyType.TRISTAEN,2025-06-16 18:03:36.849649,https://www.homes.bg/api/offers?currencyId=1&filterOrderBy=0&locationId=1&typeId=ApartmentSell&neighbourhoods%5B%5D=403,83,София,2.0,['Дианабад'],апартамент
1632142,as,https://homes.bg/offer/apartament-za-prodazhba/tristaen-127m2-sofiya-zhk.-dianabad/as1632142,днес,"жк. Дианабад, София","Тристаен, 127m²","Тухла, ТЕЦ",1,"['https://homes.bg/2025-06-07_2/114453339', 'https://homes.bg/2025-06-07_2/114453340']",386920.0,EUR,"3,046 EUR/m²",,,False, продажба,PropertyType.TRISTAEN,2025-06-16 18:03:36.849674,https://www.homes.bg/api/offers?currencyId=1&filterOrderBy=0&locationId=1&typeId=ApartmentSell&neighbourhoods%5B%5D=403,83,София,2.0,['Дианабад'],апартамент
1632144,as,https://homes.bg/offer/apartament-za-prodazhba/chetiristaen-137m2-sofiya-zhk.-dianabad/as1632144,днес,"жк. Дианабад, София","Четиристаен, 137m²","Тухла, ТЕЦ",1,"['https://homes.bg/2025-06-07_2/114453343', 'https://homes.bg/2025-06-07_2/114453344']",450565.0,EUR,"3,288 EUR/m²",,,False, продажба,PropertyType.CHETIRISTAEN,2025-06-16 18:03:36.849703,https://www.homes.bg/api/offers?currencyId=1&filterOrderBy=0&locationId=1&typeId=ApartmentSell&neighbourhoods%5B%5D=403,83,София,2.0,['Дианабад'],апартамент
1553148,as,https://homes.bg/offer/apartament-za-prodazhba/tristaen-222m2-sofiya-zhk.-dianabad/as1553148,днес,"жк. Дианабад, София","Тристаен, 222m²","Тухла, ТЕЦ",1,"['https://homes.bg/2025-03-29_2/113558828', 'https://homes.bg/2025-03-29_2/113558829', 'https://homes.bg/2025-03-29_2/113558830', 'https://homes.bg/2025-03-29_2/113558831', 'https://homes.bg/2025-03-29_2/113558832', 'https://homes.bg/2025-03-29_2/113558833']",660000.0,EUR,"2,972 EUR/m²",,,False, продажба,PropertyType.TRISTAEN,2025-06-16 18:03:36.849722,https://www.homes.bg/api/offers?currencyId=1&filterOrderBy=0&locationId=1&typeId=ApartmentSell&neighbourhoods%5B%5D=403,83,София,6.0,['Дианабад'],апартамент
1632138,as,https://homes.bg/offer/apartament-za-prodazhba/dvustaen-74m2-sofiya-zhk.-dianabad/as1632138,днес,"жк. Дианабад, София","Двустаен, 74m²","Тухла, ТЕЦ",1,"['https://homes.bg/2025-06-07_2/114453331', 'https://homes.bg/2025-06-07_2/114453332']",220680.0,EUR,"2,982 EUR/m²",,,False, продажба,PropertyType.DVUSTAEN,2025-06-16 18:03:36.849738,https://www.homes.bg/api/offers?currencyId=1&filterOrderBy=0&locationId=1&typeId=ApartmentSell&neighbourhoods%5B%5D=403,83,София,2.0,['Дианабад'],апартамент
1627171,as,https://homes.bg/offer/apartament-za-prodazhba/dvustaen-78m2-sofiya-zhk.-dianabad/as1627171,днес,"жк. Дианабад, София","Двустаен, 78m²",Тухла,1,"['https://homes.bg/2025-05-11_2/114084707', 'https://homes.bg/2025-05-11_2/114084709', 'https://homes.bg/2025-05-11_2/114084712', 'https://homes.bg/2025-05-11_2/114084714', 'https://homes.bg/2025-05-11_2/114084716', 'https://homes.bg/2025-05-11_2/114084718', 'https://homes.bg/2025-05-11_2/114084721', 'https://homes.bg/2025-05-11_2/114084723', 'https://homes.bg/2025-05-11_2/114084725', 'https://homes.bg/2025-05-11_2/114084728']",194900.0,EUR,"2,498 EUR/m²",,,False, продажба,PropertyType.DVUSTAEN,2025-06-16 18:03:36.849757,https://www.homes.bg/api/offers?currencyId=1&filterOrderBy=0&locationId=1&typeId=ApartmentSell&neighbourhoods%5B%5D=403,83,София,10.0,['Дианабад'],апартамент
1621152,as,https://homes.bg/offer/apartament-za-prodazhba/dvustaen-66m2-sofiya-zhk.-dianabad/as1621152,днес,"жк. Дианабад, София","Двустаен, 66m²","Тухла, Електричество",1,"['https://homes.bg/2025-06-13_2/114539556', 'https://homes.bg/2025-06-13_2/114539558', 'https://homes.bg/2025-06-13_2/114539560', 'https://homes.bg/2025-06-13_2/114539563', 'https://homes.bg/2025-06-13_2/114539565', 'https://homes.bg/2025-06-13_2/114539567', 'https://homes.bg/2025-06-13_2/114539569', 'https://homes.bg/2025-06-13_2/114539571', 'https://homes.bg/2025-06-13_2/114539573']",249000.0,EUR,"3,772 EUR/m²",,,False, продажба,PropertyType.DVUSTAEN,2025-06-16 18:03:36.849775,https://www.homes.bg/api/offers?currencyId=1&filterOrderBy=0&locationId=1&typeId=ApartmentSell&neighbourhoods%5B%5D=403,83,София,9.0,['Дианабад'],апартамент
1632140,as,https://homes.bg/offer/apartament-za-prodazhba/dvustaen-80m2-sofiya-zhk.-dianabad/as1632140,днес,"жк. Дианабад, София","Двустаен, 80m²","Тухла, ТЕЦ",1,"['https://homes.bg/2025-06-07_2/114453335', 'https://homes.bg/2025-06-07_2/114453336']",266656.0,EUR,"3,333 EUR/m²",,,False, продажба,PropertyType.DVUSTAEN,2025-06-16 18:03:36.849791,https://www.homes.bg/api/offers?currencyId=1&filterOrderBy=0&locationId=1&typeId=ApartmentSell&neighbourhoods%5B%5D=403,83,София,2.0,['Дианабад'],апартамент
1632143,as,https://homes.bg/offer/apartament-za-prodazhba/tristaen-103m2-sofiya-zhk.-dianabad/as1632143,днес,"жк. Дианабад, София","Тристаен, 103m²","Тухла, ТЕЦ",1,"['https://homes.bg/2025-06-07_2/114453341', 'https://homes.bg/2025-06-07_2/114453342']",313020.0,EUR,"3,039 EUR/m²",,,False, продажба,PropertyType.TRISTAEN,2025-06-16 18:03:36.849809,https://www.homes.bg/api/offers?currencyId=1&filterOrderBy=0&locationId=1&typeId=ApartmentSell&neighbourhoods%5B%5D=403,83,София,2.0,['Дианабад'],апартамент
1602235,as,https://homes.bg/offer/apartament-za-prodazhba/tristaen-127m2-sofiya-zhk.-dianabad/as1602235,вчера,"жк. Дианабад, София","Тристаен, 127m²",,1,"['https://homes.bg/2024-12-05_2/112326495', 'https://homes.bg/2024-12-05_2/112326496', 'https://homes.bg/2024-12-05_2/112326497', 'https://homes.bg/2024-12-05_2/112326498', 'https://homes.bg/2024-12-05_2/112326499', 'https://homes.bg/2024-12-05_2/112326500', 'https://homes.bg/2024-12-05_2/112326501', 'https://homes.bg/2024-12-05_2/112326502', 'https://homes.bg/2024-12-05_2/112326503', 'https://homes.bg/2024-12-05_2/112326504']",505370.0,EUR,"3,979 EUR/m²",,,False, продажба,PropertyType.TRISTAEN,2025-06-16 18:03:36.849825,https://www.homes.bg/api/offers?currencyId=1&filterOrderBy=0&locationId=1&typeId=ApartmentSell&neighbourhoods%5B%5D=403,83,София,10.0,['Дианабад'],апартамент
1540016,as,https://homes.bg/offer/apartament-za-prodazhba/dvustaen-83m2-sofiya-zhk.-dianabad/as1540016,вчера,"жк. Дианабад, София","Двустаен, 83m²",Електричество,1,"['https://homes.bg/2024-12-18_2/112483842', 'https://homes.bg/2024-12-18_2/112483844', 'https://homes.bg/2024-12-18_2/112483846', 'https://homes.bg/2024-12-18_2/112483848', 'https://homes.bg/2024-12-18_2/112483850', 'https://homes.bg/2024-12-18_2/112483852']",347687.0,EUR,"4,189 EUR/m²",,,False, продажба,PropertyType.DVUSTAEN,2025-06-16 18:03:36.849840,https://www.homes.bg/api/offers?currencyId=1&filterOrderBy=0&locationId=1&typeId=ApartmentSell&neighbourhoods%5B%5D=403,83,София,6.0,['Дианабад'],апартамент
1540013,as,https://homes.bg/offer/apartament-za-prodazhba/tristaen-158m2-sofiya-zhk.-dianabad/as1540013,вчера,"жк. Дианабад, София","Тристаен, 158m²","Тухла, Електричество",1,"['https://homes.bg/2024-12-18_2/112483791', 'https://homes.bg/2024-12-18_2/112483793', 'https://homes.bg/2024-12-18_2/112483795', 'https://homes.bg/2024-12-18_2/112483797', 'https://homes.bg/2024-12-18_2/112483799', 'https://homes.bg/2024-12-18_2/112483801']",762067.0,EUR,"4,823 EUR/m²",,,False, продажба,PropertyType.TRISTAEN,2025-06-16 18:03:36.849855,https://www.homes.bg/api/offers?currencyId=1&filterOrderBy=0&locationId=1&typeId=ApartmentSell&neighbourhoods%5B%5D=403,83,София,6.0,['Дианабад'],апартамент
1540015,as,https://homes.bg/offer/apartament-za-prodazhba/tristaen-130m2-sofiya-zhk.-dianabad/as1540015,вчера,"жк. Дианабад, София","Тристаен, 130m²","Тухла, Електричество",1,"['https://homes.bg/2024-12-18_2/112483822', 'https://homes.bg/2024-12-18_2/112483824', 'https://homes.bg/2024-12-18_2/112483826', 'https://homes.bg/2024-12-18_2/112483828', 'https://homes.bg/2024-12-18_2/112483830', 'https://homes.bg/2024-12-18_2/112483832', 'https://homes.bg/2024-12-18_2/112483834', 'https://homes.bg/2024-12-18_2/112483836', 'https://homes.bg/2024-12-18_2/112483838', 'https://homes.bg/2024-12-18_2/112483840']",647759.0,EUR,"4,982 EUR/m²",,,False, продажба,PropertyType.TRISTAEN,2025-06-16 18:03:36.849871,https://www.homes.bg/api/offers?currencyId=1&filterOrderBy=0&locationId=1&typeId=ApartmentSell&neighbourhoods%5B%5D=403,83,София,10.0,['Дианабад'],апартамент
1540012,as,https://homes.bg/offer/apartament-za-prodazhba/mnogostaen-400m2-sofiya-zhk.-dianabad/as1540012,вчера,"жк. Дианабад, София","Многостаен, 400m²","Тухла, Електричество",1,"['https://homes.bg/2024-12-18_2/112483771', 'https://homes.bg/2024-12-18_2/112483773', 'https://homes.bg/2024-12-18_2/112483775', 'https://homes.bg/2024-12-18_2/112483777', 'https://homes.bg/2024-12-18_2/112483779', 'https://homes.bg/2024-12-18_2/112483781', 'https://homes.bg/2024-12-18_2/112483783', 'https://homes.bg/2024-12-18_2/112483785', 'https://homes.bg/2024-12-18_2/112483787', 'https://homes.bg/2024-12-18_2/112483789']",1390000.0,EUR,"3,475 EUR/m²",,,False, продажба,PropertyType.MNOGOSTAEN,2025-06-16 18:03:36.849899,https://www.homes.bg/api/offers?currencyId=1&filterOrderBy=0&locationId=1&typeId=ApartmentSell&neighbourhoods%5B%5D=403,83,София,10.0,['Дианабад'],апартамент
1540014,as,https://homes.bg/offer/apartament-za-prodazhba/tristaen-130m2-sofiya-zhk.-dianabad/as1540014,вчера,"жк. Дианабад, София","Тристаен, 130m²","Тухла, Електричество",1,"['https://homes.bg/2024-12-18_2/112483803', 'https://homes.bg/2024-12-18_2/112483805', 'https://homes.bg/2024-12-18_2/112483807', 'https://homes.bg/2024-12-18_2/112483810', 'https://homes.bg/2024-12-18_2/112483812', 'https://homes.bg/2024-12-18_2/112483814', 'https://homes.bg/2024-12-18_2/112483816', 'https://homes.bg/2024-12-18_2/112483818', 'https://homes.bg/2024-12-18_2/112483820']",511885.0,EUR,"3,937 EUR/m²",,,False, продажба,PropertyType.TRISTAEN,2025-06-16 18:03:36.849916,https://www.homes.bg/api/offers?currencyId=1&filterOrderBy=0&locationId=1&typeId=ApartmentSell&neighbourhoods%5B%5D=403,83,София,9.0,['Дианабад'],апартамент
1618989,as,https://homes.bg/offer/apartament-za-prodazhba/dvustaen-89m2-sofiya-zhk.-dianabad/as1618989,вчера,"жк. Дианабад, София","Двустаен, 89m²","Тухла, ТЕЦ",1,"['https://homes.bg/2025-03-25_1/113491490', 'https://homes.bg/2025-03-25_1/113491491', 'https://homes.bg/2025-03-25_1/113491492', 'https://homes.bg/2025-03-25_1/113491493', 'https://homes.bg/2025-03-25_1/113491494', 'https://homes.bg/2025-03-25_1/113491495', 'https://homes.bg/2025-03-25_1/113491496', 'https://homes.bg/2025-03-25_1/113491497', 'https://homes.bg/2025-03-25_1/113491498', 'https://homes.bg/2025-03-25_1/113491499']",235000.0,EUR,"2,640 EUR/m²",,,False, продажба,PropertyType.DVUSTAEN,2025-06-16 18:03:36.849931,https://www.homes.bg/api/offers?currencyId=1&filterOrderBy=0&locationId=1&typeId=ApartmentSell&neighbourhoods%5B%5D=403,83,София,10.0,['Дианабад'],апартамент
1577551,as,https://homes.bg/offer/apartament-za-prodazhba/dvustaen-63m2-sofiya-zhk.-dianabad/as1577551,,"жк. Дианабад, София","Двустаен, 63m²","Тухла, Необзаведен",1,"['https://homes.bg/2025-06-14_2/114551539', 'https://homes.bg/2025-06-14_2/114551540', 'https://homes.bg/2025-06-14_2/114551541', 'https://homes.bg/2025-06-14_2/114551542', 'https://homes.bg/2025-06-14_2/114551543', 'https://homes.bg/2025-06-14_2/114551544', 'https://homes.bg/2025-06-14_2/114551545', 'https://homes.bg/2025-06-14_2/114551546', 'https://homes.bg/2025-06-14_2/114551547', 'https://homes.bg/2025-06-14_2/114551548']",308945.0,EUR,"4,903 EUR/m²",,,False, продажба,PropertyType.DVUSTAEN,2025-06-16 18:03:36.849948,https://www.homes.bg/api/offers?currencyId=1&filterOrderBy=0&locationId=1&typeId=ApartmentSell&neighbourhoods%5B%5D=403,83,София,10.0,['Дианабад'],апартамент
1577553,as,https://homes.bg/offer/apartament-za-prodazhba/chetiristaen-174m2-sofiya-zhk.-dianabad/as1577553,,"жк. Дианабад, София","Четиристаен, 174m²",Тухла,1,"['https://homes.bg/2025-06-14_2/114551549', 'https://homes.bg/2025-06-14_2/114551550', 'https://homes.bg/2025-06-14_2/114551551', 'https://homes.bg/2025-06-14_2/114551552', 'https://homes.bg/2025-06-14_2/114551553', 'https://homes.bg/2025-06-14_2/114551554', 'https://homes.bg/2025-06-14_2/114551555', 'https://homes.bg/2025-06-14_2/114551556', 'https://homes.bg/2025-06-14_2/114551557', 'https://homes.bg/2025-06-14_2/114551558']",850493.0,EUR,"4,887 EUR/m²",,,False, продажба,PropertyType.CHETIRISTAEN,2025-06-16 18:03:36.849966,https://www.homes.bg/api/offers?currencyId=1&filterOrderBy=0&locationId=1&typeId=ApartmentSell&neighbourhoods%5B%5D=403,83,София,10.0,['Дианабад'],апартамент
1628662,as,https://homes.bg/offer/apartament-za-prodazhba/tristaen-83m2-sofiya-zhk.-dianabad/as1628662,,"жк. Дианабад, София","Тристаен, 83m²","Тухла, ТЕЦ",1,"['https://homes.bg/2025-06-14_2/114551527', 'https://homes.bg/2025-06-14_2/114551528', 'https://homes.bg/2025-06-14_2/114551529', 'https://homes.bg/2025-06-14_2/114551530', 'https://homes.bg/2025-06-14_2/114551531', 'https://homes.bg/2025-06-14_2/114551532', 'https://homes.bg/2025-06-14_2/114551533', 'https://homes.bg/2025-06-14_2/114551534', 'https://homes.bg/2025-06-14_2/114551535']",391510.0,EUR,"4,716 EUR/m²",,,False, продажба,PropertyType.TRISTAEN,2025-06-16 18:03:36.849983,https://www.homes.bg/api/offers?currencyId=1&filterOrderBy=0&locationId=1&typeId=ApartmentSell&neighbourhoods%5B%5D=403,83,София,9.0,['Дианабад'],апартамент
1632324,as,https://homes.bg/offer/apartament-za-prodazhba/mnogostaen-292m2-sofiya-zhk.-dianabad/as1632324,,"жк. Дианабад, София","Многостаен, 292m²",Тухла,1,"['https://homes.bg/2025-06-07_1/114452395', 'https://homes.bg/2025-06-07_1/114452396', 'https://homes.bg/2025-06-07_1/114452397', 'https://homes.bg/2025-06-07_1/114452398', 'https://homes.bg/2025-06-07_1/114452399', 'https://homes.bg/2025-06-07_1/114452400', 'https://homes.bg/2025-06-07_1/114452401', 'https://homes.bg/2025-06-07_1/114452402', 'https://homes.bg/2025-06-07_1/114452403', 'https://homes.bg/2025-06-07_1/114452404']",690000.0,EUR,"2,363 EUR/m²",,,False, продажба,PropertyType.MNOGOSTAEN,2025-06-16 18:03:36.849999,https://www.homes.bg/api/offers?currencyId=1&filterOrderBy=0&locationId=1&typeId=ApartmentSell&neighbourhoods%5B%5D=403,83,София,10.0,['Дианабад'],апартамент
1631702,as,https://homes.bg/offer/apartament-za-prodazhba/tristaen-158m2-sofiya-zhk.-dianabad/as1631702,,"жк. Дианабад, София","Тристаен, 158m²",Тухла,1,"['https://homes.bg/2025-06-05_1/114421415', 'https://homes.bg/2025-06-05_1/114421416', 'https://homes.bg/2025-06-05_1/114421417', 'https://homes.bg/2025-06-05_1/114421418', 'https://homes.bg/2025-06-05_1/114421419', 'https://homes.bg/2025-06-05_1/114421420', 'https://homes.bg/2025-06-05_1/114421421', 'https://homes.bg/2025-06-05_1/114421422', 'https://homes.bg/2025-06-05_1/114421423', 'https://homes.bg/2025-06-05_1/114421424']",459000.0,EUR,"2,905 EUR/m²",,,False, продажба,PropertyType.TRISTAEN,2025-06-16 18:03:36.850015,https://www.homes.bg/api/offers?currencyId=1&filterOrderBy=0&locationId=1&typeId=ApartmentSell&neighbourhoods%5B%5D=403,83,София,10.0,['Дианабад'],апартамент
1631347,as,https://homes.bg/offer/apartament-za-prodazhba/tristaen-76m2-sofiya-zhk.-dianabad/as1631347,,"жк. Дианабад, София","Тристаен, 76m²",Обзаведен,1,"['https://homes.bg/2025-06-04_1/114406096', 'https://homes.bg/2025-06-04_1/114406097', 'https://homes.bg/2025-06-04_1/114406098', 'https://homes.bg/2025-06-04_1/114406099', 'https://homes.bg/2025-06-04_1/114406100', 'https://homes.bg/2025-06-04_1/114406101', 'https://homes.bg/2025-06-04_1/114406102', 'https://homes.bg/2025-06-04_1/114406103', 'https://homes.bg/2025-06-04_1/114406104', 'https://homes.bg/2025-06-04_1/114406105']",205000.0,EUR,"2,697 EUR/m²",,,False, продажба,PropertyType.TRISTAEN,2025-06-16 18:03:36.850032,https://www.homes.bg/api/offers?currencyId=1&filterOrderBy=0&locationId=1&typeId=ApartmentSell&neighbourhoods%5B%5D=403,83,София,10.0,['Дианабад'],апартамент
1618293,as,https://homes.bg/offer/apartament-za-prodazhba/tristaen-118m2-sofiya-zhk.-dianabad/as1618293,,"жк. Дианабад, София","Тристаен, 118m²",Тухла,1,"['https://homes.bg/2025-03-20_1/113435457', 'https://homes.bg/2025-03-20_1/113435459', 'https://homes.bg/2025-03-20_1/113435460', 'https://homes.bg/2025-03-20_1/113435461', 'https://homes.bg/2025-03-20_1/113435462', 'https://homes.bg/2025-03-20_1/113435463', 'https://homes.bg/2025-03-20_1/113435464', 'https://homes.bg/2025-03-20_1/113435465']",265000.0,EUR,"2,245 EUR/m²",,,False, продажба,PropertyType.TRISTAEN,2025-06-16 18:03:36.850049,https://www.homes.bg/api/offers?currencyId=1&filterOrderBy=0&locationId=1&typeId=ApartmentSell&neighbourhoods%5B%5D=403,83,София,8.0,['Дианабад'],апартамент
1614955,as,https://homes.bg/offer/apartament-za-prodazhba/dvustaen-89m2-sofiya-zhk.-dianabad/as1614955,,"жк. Дианабад, София","Двустаен, 89m²","Тухла, Необзаведен, ТЕЦ",1,"['https://homes.bg/2025-06-10_2/114482314', 'https://homes.bg/2025-06-10_2/114482315', 'https://homes.bg/2025-06-10_2/114482316', 'https://homes.bg/2025-06-10_2/114482317', 'https://homes.bg/2025-06-10_2/114482318', 'https://homes.bg/2025-06-10_2/114482319', 'https://homes.bg/2025-06-10_2/114482320', 'https://homes.bg/2025-06-10_2/114482321', 'https://homes.bg/2025-06-10_2/114482322', 'https://homes.bg/2025-06-10_2/114482323']",235000.0,EUR,"2,640 EUR/m²",,,False, продажба,PropertyType.DVUSTAEN,2025-06-16 18:03:36.850066,https://www.homes.bg/api/offers?currencyId=1&filterOrderBy=0&locationId=1&typeId=ApartmentSell&neighbourhoods%5B%5D=403,83,София,10.0,['Дианабад'],апартамент
1622779,as,https://homes.bg/offer/apartament-za-prodazhba/dvustaen-84m2-sofiya-zhk.-dianabad/as1622779,,"жк. Дианабад, София","Двустаен, 84m²","Тухла, Необзаведен, Прокарва се",1,"['https://homes.bg/2025-04-16_1/113777455', 'https://homes.bg/2025-04-16_1/113777456', 'https://homes.bg/2025-04-16_1/113777457', 'https://homes.bg/2025-04-16_1/113777458', 'https://homes.bg/2025-04-16_1/113777459', 'https://homes.bg/2025-04-16_1/113777460', 'https://homes.bg/2025-04-16_1/113777461', 'https://homes.bg/2025-04-16_1/113777462', 'https://homes.bg/2025-04-16_1/113777463', 'https://homes.bg/2025-04-16_1/113777464']",219000.0,EUR,"2,607 EUR/m²",,,False, продажба,PropertyType.DVUSTAEN,2025-06-16 18:03:36.850083,https://www.homes.bg/api/offers?currencyId=1&filterOrderBy=0&locationId=1&typeId=ApartmentSell&neighbourhoods%5B%5D=403,83,София,10.0,['Дианабад'],апартамент
1564115,as,https://homes.bg/offer/apartament-za-prodazhba/mnogostaen-367m2-sofiya-zhk.-dianabad/as1564115,,"жк. Дианабад, София","Многостаен, 367m²",Тухла,1,"['https://homes.bg/2024-05-02_1/109489494', 'https://homes.bg/2024-05-02_1/109489495', 'https://homes.bg/2024-05-02_1/109489496', 'https://homes.bg/2024-05-02_1/109489497', 'https://homes.bg/2024-05-02_1/109489498']",818450.0,EUR,"2,230 EUR/m²",,,False, продажба,PropertyType.MNOGOSTAEN,2025-06-16 18:03:36.850098,https://www.homes.bg/api/offers?currencyId=1&filterOrderBy=0&locationId=1&typeId=ApartmentSell&neighbourhoods%5B%5D=403,83,София,5.0,['Дианабад'],апартамент
1608124,as,https://homes.bg/offer/apartament-za-prodazhba/dvustaen-61m2-sofiya-zhk.-dianabad/as1608124,,"жк. Дианабад, София","Двустаен, 61m²","Панел, ТЕЦ",1,"['https://homes.bg/2025-05-22_1/114240306', 'https://homes.bg/2025-05-22_1/114240307', 'https://homes.bg/2025-05-22_1/114240308', 'https://homes.bg/2025-05-22_1/114240309', 'https://homes.bg/2025-05-22_1/114240310', 'https://homes.bg/2025-05-22_1/114240311', 'https://homes.bg/2025-05-22_1/114240312', 'https://homes.bg/2025-05-22_1/114240313', 'https://homes.bg/2025-05-22_1/114240314', 'https://homes.bg/2025-05-22_1/114240315']",199900.0,EUR,"3,277 EUR/m²",,,False, продажба,PropertyType.DVUSTAEN,2025-06-16 18:03:36.850113,https://www.homes.bg/api/offers?currencyId=1&filterOrderBy=0&locationId=1&typeId=ApartmentSell&neighbourhoods%5B%5D=403,83,София,10.0,['Дианабад'],апартамент
1631373,as,https://homes.bg/offer/apartament-za-prodazhba/tristaen-127m2-sofiya-zhk.-dianabad/as1631373,,"жк. Дианабад, София","Тристаен, 127m²","Тухла, ТЕЦ",1,[],409955.0,EUR,"3,227 EUR/m²",,,False, продажба,PropertyType.TRISTAEN,2025-06-16 18:03:36.850126,https://www.homes.bg/api/offers?currencyId=1&filterOrderBy=0&locationId=1&typeId=ApartmentSell&neighbourhoods%5B%5D=403,83,София,0.0,['Дианабад'],апартамент
1631374,as,https://homes.bg/offer/apartament-za-prodazhba/tristaen-104m2-sofiya-zhk.-dianabad/as1631374,,"жк. Дианабад, София","Тристаен, 104m²","Тухла, ТЕЦ",1,[],341710.0,EUR,"3,285 EUR/m²",,,False, продажба,PropertyType.TRISTAEN,2025-06-16 18:03:36.850139,https://www.homes.bg/api/offers?currencyId=1&filterOrderBy=0&locationId=1&typeId=ApartmentSell&neighbourhoods%5B%5D=403,83,София,0.0,['Дианабад'],апартамент
1628794,as,https://homes.bg/offer/apartament-za-prodazhba/dvustaen-60m2-sofiya-zhk.-dianabad/as1628794,,"жк. Дианабад, София","Двустаен, 60m²","Тухла, ТЕЦ",1,[],176199.0,EUR,"2,936 EUR/m²",,,False, продажба,PropertyType.DVUSTAEN,2025-06-16 18:03:36.850152,https://www.homes.bg/api/offers?currencyId=1&filterOrderBy=0&locationId=1&typeId=ApartmentSell&neighbourhoods%5B%5D=403,83,София,0.0,['Дианабад'],апартамент
1628772,as,https://homes.bg/offer/apartament-za-prodazhba/tristaen-95m2-sofiya-zhk.-dianabad/as1628772,,"жк. Дианабад, София","Тристаен, 95m²",Тухла,1,['https://homes.bg/2025-05-21_1/114221175'],194566.0,EUR,"2,048 EUR/m²",,,False, продажба,PropertyType.TRISTAEN,2025-06-16 18:03:36.850164,https://www.homes.bg/api/offers?currencyId=1&filterOrderBy=0&locationId=1&typeId=ApartmentSell&neighbourhoods%5B%5D=403,83,София,1.0,['Дианабад'],апартамент
1623647,as,https://homes.bg/offer/apartament-za-prodazhba/mnogostaen-14486m2-sofiya-zhk.-dianabad/as1623647,,"жк. Дианабад, София","Многостаен, 14486m²","Тухла, ТЕЦ",1,['https://homes.bg/2025-04-18_1/113812835'],0.0,EUR,0 EUR/m²,,,False, продажба,PropertyType.MNOGOSTAEN,2025-06-16 18:03:36.850178,https://www.homes.bg/api/offers?currencyId=1&filterOrderBy=0&locationId=1&typeId=ApartmentSell&neighbourhoods%5B%5D=403,83,София,1.0,['Дианабад'],апартамент
1531387,as,https://homes.bg/offer/apartament-za-prodazhba/tristaen-127m2-sofiya-zhk.-dianabad/as1531387,,"жк. Дианабад, София","Тристаен, 127m²","Тухла, ТЕЦ",1,"['https://homes.bg/2025-04-30_1/113941233', 'https://homes.bg/2025-04-30_1/113941234', 'https://homes.bg/2025-04-30_1/113941235', 'https://homes.bg/2025-04-30_1/113941236', 'https://homes.bg/2025-04-30_1/113941237', 'https://homes.bg/2025-04-30_1/113941238', 'https://homes.bg/2025-04-30_1/113941239', 'https://homes.bg/2025-04-30_1/113941240', 'https://homes.bg/2025-04-30_1/113941241', 'https://homes.bg/2025-04-30_1/113941242']",520000.0,EUR,"4,094 EUR/m²",,,False, продажба,PropertyType.TRISTAEN,2025-06-16 18:03:36.850196,https://www.homes.bg/api/offers?currencyId=1&filterOrderBy=0&locationId=1&typeId=ApartmentSell&neighbourhoods%5B%5D=403,83,София,10.0,['Дианабад'],апартамент
1614490,as,https://homes.bg/offer/apartament-za-prodazhba/tristaen-220m2-sofiya-zhk.-dianabad/as1614490,,"жк. Дианабад, София","Тристаен, 220m²","Тухла, ТЕЦ",1,"['https://homes.bg/2025-05-29_2/114325458', 'https://homes.bg/2025-05-29_2/114325459']",550000.0,EUR,"2,500 EUR/m²",,,False, продажба,PropertyType.TRISTAEN,2025-06-16 18:03:36.850212,https://www.homes.bg/api/offers?currencyId=1&filterOrderBy=0&locationId=1&typeId=ApartmentSell&neighbourhoods%5B%5D=403,83,София,2.0,['Дианабад'],апартамент
1481428,as,https://homes.bg/offer/apartament-za-prodazhba/dvustaen-90m2-sofiya-zhk.-dianabad/as1481428,,"жк. Дианабад, София","Двустаен, 90m²","Тухла, Необзаведен",1,"['https://homes.bg/2025-05-29_2/114325086', 'https://homes.bg/2025-05-29_2/114325087']",199990.0,EUR,"2,222 EUR/m²",,,False, продажба,PropertyType.DVUSTAEN,2025-06-16 18:03:36.850226,https://www.homes.bg/api/offers?currencyId=1&filterOrderBy=0&locationId=1&typeId=ApartmentSell&neighbourhoods%5B%5D=403,83,София,2.0,['Дианабад'],апартамент
1628274,as,https://homes.bg/offer/apartament-za-prodazhba/tristaen-100m2-sofiya-zhk.-dianabad/as1628274,,"жк. Дианабад, София","Тристаен, 100m²","Тухла, ТЕЦ",1,[],297708.0,EUR,"2,977 EUR/m²",,,False, продажба,PropertyType.TRISTAEN,2025-06-16 18:03:36.850238,https://www.homes.bg/api/offers?currencyId=1&filterOrderBy=0&locationId=1&typeId=ApartmentSell&neighbourhoods%5B%5D=403,83,София,0.0,['Дианабад'],апартамент
1630090,as,https://homes.bg/offer/apartament-za-prodazhba/dvustaen-80m2-sofiya-zhk.-dianabad/as1630090,,"жк. Дианабад, София","Двустаен, 80m²","Тухла, Обзаведен, Електричество",1,"['https://homes.bg/2025-05-28_2/114305012', 'https://homes.bg/2025-05-28_2/114305014', 'https://homes.bg/2025-05-28_2/114305019', 'https://homes.bg/2025-05-28_2/114305017', 'https://homes.bg/2025-05-28_2/114304931', 'https://homes.bg/2025-05-28_2/114305004', 'https://homes.bg/2025-05-28_2/114305007', 'https://homes.bg/2025-05-28_2/114305009', 'https://homes.bg/2025-05-28_2/114305024']",230000.0,EUR,"2,875 EUR/m²",,,False, продажба,PropertyType.DVUSTAEN,2025-06-16 18:03:36.850253,https://www.homes.bg/api/offers?currencyId=1&filterOrderBy=0&locationId=1&typeId=ApartmentSell&neighbourhoods%5B%5D=403,83,София,9.0,['Дианабад'],апартамент
1413810,as,https://homes.bg/offer/apartament-za-prodazhba/chetiristaen-355m2-sofiya-zhk.-dianabad/as1413810,,"жк. Дианабад, София","Четиристаен, 355m²","Тухла, Необзаведен, ТЕЦ",1,"['https://homes.bg/2022-05-23_2/83960154', 'https://homes.bg/2022-05-23_2/83960156', 'https://homes.bg/2022-05-23_2/83960158', 'https://homes.bg/2022-05-23_2/83960160', 'https://homes.bg/2022-05-23_2/83960163', 'https://homes.bg/2022-05-23_2/83960165', 'https://homes.bg/2022-05-23_2/83960167', 'https://homes.bg/2022-05-23_2/83960169', 'https://homes.bg/2022-05-23_2/83960171', 'https://homes.bg/2022-05-23_2/83960174']",355000.0,EUR,"1,000 EUR/m²",,,False, продажба,PropertyType.CHETIRISTAEN,2025-06-16 18:03:36.850269,https://www.homes.bg/api/offers?currencyId=1&filterOrderBy=0&locationId=1&typeId=ApartmentSell&neighbourhoods%5B%5D=403,83,София,10.0,['Дианабад'],апартамент
1629002,as,https://homes.bg/offer/apartament-za-prodazhba/chetiristaen-137m2-sofiya-zhk.-dianabad/as1629002,,"жк. Дианабад, София","Четиристаен, 137m²","Тухла, ТЕЦ",1,[],450565.0,EUR,"3,288 EUR/m²",,,False, продажба,PropertyType.CHETIRISTAEN,2025-06-16 18:03:36.850280,https://www.homes.bg/api/offers?currencyId=1&filterOrderBy=0&locationId=1&typeId=ApartmentSell&neighbourhoods%5B%5D=403,83,София,0.0,['Дианабад'],апартамент
1629001,as,https://homes.bg/offer/apartament-za-prodazhba/tristaen-77m2-sofiya-zhk.-dianabad/as1629001,,"жк. Дианабад, София","Тристаен, 77m²","Тухла, ТЕЦ",1,[],237035.0,EUR,"3,078 EUR/m²",,,False, продажба,PropertyType.TRISTAEN,2025-06-16 18:03:36.850291,https://www.homes.bg/api/offers?currencyId=1&filterOrderBy=0&locationId=1&typeId=ApartmentSell&neighbourhoods%5B%5D=403,83,София,0.0,['Дианабад'],апартамент
1628796,as,https://homes.bg/offer/apartament-za-prodazhba/tristaen-126m2-sofiya-zhk.-dianabad/as1628796,,"жк. Дианабад, София","Тристаен, 126m²","Тухла, ТЕЦ",1,[],383772.0,EUR,"3,045 EUR/m²",,,False, продажба,PropertyType.TRISTAEN,2025-06-16 18:03:36.850300,https://www.homes.bg/api/offers?currencyId=1&filterOrderBy=0&locationId=1&typeId=ApartmentSell&neighbourhoods%5B%5D=403,83,София,0.0,['Дианабад'],апартамент
1628795,as,https://homes.bg/offer/apartament-za-prodazhba/tristaen-127m2-sofiya-zhk.-dianabad/as1628795,,"жк. Дианабад, София","Тристаен, 127m²",Тухла,1,[],386928.0,EUR,"3,046 EUR/m²",,,False, продажба,PropertyType.TRISTAEN,2025-06-16 18:03:36.850311,https://www.homes.bg/api/offers?currencyId=1&filterOrderBy=0&locationId=1&typeId=ApartmentSell&neighbourhoods%5B%5D=403,83,София,0.0,['Дианабад'],апартамент
1628296,as,https://homes.bg/offer/apartament-za-prodazhba/tristaen-65m2-sofiya-zhk.-dianabad/as1628296,,"жк. Дианабад, София","Тристаен, 65m²","Панел, Обзаведен, ТЕЦ",1,"['https://homes.bg/2025-05-19_2/114195225', 'https://homes.bg/2025-05-19_2/114195226', 'https://homes.bg/2025-05-19_2/114195227', 'https://homes.bg/2025-05-19_2/114195228', 'https://homes.bg/2025-05-19_2/114195229', 'https://homes.bg/2025-05-19_2/114195230', 'https://homes.bg/2025-05-19_2/114195231', 'https://homes.bg/2025-05-19_2/114195232', 'https://homes.bg/2025-05-19_2/114195233', 'https://homes.bg/2025-05-19_2/114195234']",220000.0,EUR,"3,384 EUR/m²",,,False, продажба,PropertyType.TRISTAEN,2025-06-16 18:03:36.850325,https://www.homes.bg/api/offers?currencyId=1&filterOrderBy=0&locationId=1&typeId=ApartmentSell&neighbourhoods%5B%5D=403,83,София,10.0,['Дианабад'],апартамент
1628276,as,https://homes.bg/offer/apartament-za-prodazhba/dvustaen-73m2-sofiya-zhk.-dianabad/as1628276,,"жк. Дианабад, София","Двустаен, 73m²","Тухла, ТЕЦ",1,[],217553.0,EUR,"2,980 EUR/m²",,,False, продажба,PropertyType.DVUSTAEN,2025-06-16 18:03:36.850336,https://www.homes.bg/api/offers?currencyId=1&filterOrderBy=0&locationId=1&typeId=ApartmentSell&neighbourhoods%5B%5D=403,83,София,0.0,['Дианабад'],апартамент
1628275,as,https://homes.bg/offer/apartament-za-prodazhba/tristaen-99m2-sofiya-zhk.-dianabad/as1628275,,"жк. Дианабад, София","Тристаен, 99m²","Тухла, ТЕЦ",1,[],294932.0,EUR,"2,979 EUR/m²",,,False, продажба,PropertyType.TRISTAEN,2025-06-16 18:03:36.850346,https://www.homes.bg/api/offers?currencyId=1&filterOrderBy=0&locationId=1&typeId=ApartmentSell&neighbourhoods%5B%5D=403,83,София,0.0,['Дианабад'],апартамент
1628272,as,https://homes.bg/offer/apartament-za-prodazhba/dvustaen-74m2-sofiya-zhk.-dianabad/as1628272,,"жк. Дианабад, София","Двустаен, 74m²","Тухла, ТЕЦ",1,[],220681.0,EUR,"2,982 EUR/m²",,,False, продажба,PropertyType.DVUSTAEN,2025-06-16 18:03:36.850356,https://www.homes.bg/api/offers?currencyId=1&filterOrderBy=0&locationId=1&typeId=ApartmentSell&neighbourhoods%5B%5D=403,83,София,0.0,['Дианабад'],апартамент
1628270,as,https://homes.bg/offer/apartament-za-prodazhba/dvustaen-62m2-sofiya-zhk.-dianabad/as1628270,,"жк. Дианабад, София","Двустаен, 62m²","Тухла, ТЕЦ",1,[],181018.0,EUR,"2,919 EUR/m²",,,False, продажба,PropertyType.DVUSTAEN,2025-06-16 18:03:36.850366,https://www.homes.bg/api/offers?currencyId=1&filterOrderBy=0&locationId=1&typeId=ApartmentSell&neighbourhoods%5B%5D=403,83,София,0.0,['Дианабад'],апартамент
1544431,as,https://homes.bg/offer/apartament-za-prodazhba/dvustaen-89m2-sofiya-zhk.-dianabad/as1544431,,"жк. Дианабад, София","Двустаен, 89m²",Необзаведен,1,"['https://homes.bg/2024-01-30_1/108125072', 'https://homes.bg/2024-01-30_1/108125073', 'https://homes.bg/2024-01-30_1/108125074', 'https://homes.bg/2024-01-30_1/108125075', 'https://homes.bg/2024-01-30_1/108125076', 'https://homes.bg/2024-01-30_1/108125077']",235000.0,EUR,"2,640 EUR/m²",,,False, продажба,PropertyType.DVUSTAEN,2025-06-16 18:03:36.850379,https://www.homes.bg/api/offers?currencyId=1&filterOrderBy=0&locationId=1&typeId=ApartmentSell&neighbourhoods%5B%5D=403,83,София,6.0,['Дианабад'],апартамент
1572191,as,https://homes.bg/offer/apartament-za-prodazhba/dvustaen-89m2-sofiya-zhk.-dianabad/as1572191,,"жк. Дианабад, София","Двустаен, 89m²",Необзаведен,1,"['https://homes.bg/2024-06-18_1/110057020', 'https://homes.bg/2024-06-18_1/110057021', 'https://homes.bg/2024-06-18_1/110057022', 'https://homes.bg/2024-06-18_1/110057023', 'https://homes.bg/2024-06-18_1/110057024', 'https://homes.bg/2024-06-18_1/110057025']",230000.0,EUR,"2,584 EUR/m²",,,False, продажба,PropertyType.DVUSTAEN,2025-06-16 18:03:36.850392,https://www.homes.bg/api/offers?currencyId=1&filterOrderBy=0&locationId=1&typeId=ApartmentSell&neighbourhoods%5B%5D=403,83,София,6.0,['Дианабад'],апартамент
1497251,as,https://homes.bg/offer/apartament-za-prodazhba/tristaen-210m2-sofiya-zhk.-dianabad/as1497251,,"жк. Дианабад, София","Тристаен, 210m²",Необзаведен,1,"['https://homes.bg/2023-06-06_1/100307370', 'https://homes.bg/2023-06-06_1/100307373', 'https://homes.bg/2023-06-06_1/100307375', 'https://homes.bg/2023-06-06_1/100307377', 'https://homes.bg/2023-06-06_1/100307380', 'https://homes.bg/2023-06-06_1/100307382']",550000.0,EUR,"2,619 EUR/m²",,,False, продажба,PropertyType.TRISTAEN,2025-06-16 18:03:36.850406,https://www.homes.bg/api/offers?currencyId=1&filterOrderBy=0&locationId=1&typeId=ApartmentSell&neighbourhoods%5B%5D=403,83,София,6.0,['Дианабад'],апартамент
1614593,as,https://homes.bg/offer/apartament-za-prodazhba/mnogostaen-173m2-sofiya-zhk.-dianabad/as1614593,,"жк. Дианабад, София","Многостаен, 173m²","Тухла, ТЕЦ",1,"['https://homes.bg/2025-02-28_1/113199602', 'https://homes.bg/2025-02-28_1/113199603', 'https://homes.bg/2025-02-28_1/113199604']",812308.0,EUR,"4,695 EUR/m²",,,False, продажба,PropertyType.MNOGOSTAEN,2025-06-16 18:03:36.850418,https://www.homes.bg/api/offers?currencyId=1&filterOrderBy=0&locationId=1&typeId=ApartmentSell&neighbourhoods%5B%5D=403,83,София,3.0,['Дианабад'],апартамент
1543369,as,https://homes.bg/offer/apartament-za-prodazhba/tristaen-110m2-sofiya-zhk.-dianabad/as1543369,,"жк. Дианабад, София","Тристаен, 110m²","ЕПК, Обзаведен, ТЕЦ",1,[],179999.0,EUR,"1,636 EUR/m²",,,False, продажба,PropertyType.TRISTAEN,2025-06-16 18:03:36.850428,https://www.homes.bg/api/offers?currencyId=1&filterOrderBy=0&locationId=1&typeId=ApartmentSell&neighbourhoods%5B%5D=403,83,София,0.0,['Дианабад'],апартамент
1624791,as,https://homes.bg/offer/apartament-za-prodazhba/dvustaen-66m2-sofiya-zhk.-dianabad/as1624791,,"жк. Дианабад, София","Двустаен, 66m²","Тухла, Обзаведен, ТЕЦ",1,"['https://homes.bg/2025-04-27_1/113905645', 'https://homes.bg/2025-04-27_1/113905646', 'https://homes.bg/2025-04-27_1/113905647', 'https://homes.bg/2025-04-27_1/113905648', 'https://homes.bg/2025-04-27_1/113905649', 'https://homes.bg/2025-04-27_1/113905650', 'https://homes.bg/2025-04-27_1/113905651', 'https://homes.bg/2025-04-27_1/113905652', 'https://homes.bg/2025-04-27_1/113905653', 'https://homes.bg/2025-04-27_1/113905654']",222000.0,EUR,"3,363 EUR/m²",,,False, продажба,PropertyType.DVUSTAEN,2025-06-16 18:03:36.850459,https://www.homes.bg/api/offers?currencyId=1&filterOrderBy=0&locationId=1&typeId=ApartmentSell&neighbourhoods%5B%5D=403,83,София,10.0,['Дианабад'],апартамент
1612520,as,https://homes.bg/offer/apartament-za-prodazhba/tristaen-213m2-sofiya-zhk.-dianabad/as1612520,,"жк. Дианабад, София","Тристаен, 213m²","Тухла, Обзаведен, Локално отопление",1,"['https://homes.bg/2025-02-17_2/113068388', 'https://homes.bg/2025-02-17_2/113068387', 'https://homes.bg/2025-02-17_2/113068386', 'https://homes.bg/2025-02-17_2/113068390', 'https://homes.bg/2025-02-17_2/113068383', 'https://homes.bg/2025-02-17_2/113068385', 'https://homes.bg/2025-02-17_2/113068381', 'https://homes.bg/2025-02-17_2/113068382', 'https://homes.bg/2025-02-17_2/113068384']",456000.0,EUR,"2,140 EUR/m²",,,False, продажба,PropertyType.TRISTAEN,2025-06-16 18:03:36.850474,https://www.homes.bg/api/offers?currencyId=1&filterOrderBy=0&locationId=1&typeId=ApartmentSell&neighbourhoods%5B%5D=403,83,София,9.0,['Дианабад'],апартамент
1618990,as,https://homes.bg/offer/apartament-za-prodazhba/dvustaen-89m2-sofiya-zhk.-dianabad/as1618990,,"жк. Дианабад, София","Двустаен, 89m²","Тухла, ТЕЦ",1,"['https://homes.bg/2025-03-25_1/113491500', 'https://homes.bg/2025-03-25_1/113491501', 'https://homes.bg/2025-03-25_1/113491502', 'https://homes.bg/2025-03-25_1/113491503', 'https://homes.bg/2025-03-25_1/113491504', 'https://homes.bg/2025-03-25_1/113491505', 'https://homes.bg/2025-03-25_1/113491506', 'https://homes.bg/2025-03-25_1/113491507', 'https://homes.bg/2025-03-25_1/113491508', 'https://homes.bg/2025-03-25_1/113491509']",230000.0,EUR,"2,584 EUR/m²",,,False, продажба,PropertyType.DVUSTAEN,2025-06-16 18:03:36.850488,https://www.homes.bg/api/offers?currencyId=1&filterOrderBy=0&locationId=1&typeId=ApartmentSell&neighbourhoods%5B%5D=403,83,София,10.0,['Дианабад'],апартамент
1605598,as,https://homes.bg/offer/apartament-za-prodazhba/dvustaen-85m2-sofiya-zhk.-dianabad/as1605598,,"жк. Дианабад, София","Двустаен, 85m²","Тухла, Необзаведен, ТЕЦ",1,"['https://homes.bg/2025-04-22_2/113846764', 'https://homes.bg/2025-04-22_2/113846765', 'https://homes.bg/2025-04-22_2/113846766', 'https://homes.bg/2025-04-22_2/113846767', 'https://homes.bg/2025-04-22_2/113846768', 'https://homes.bg/2025-04-22_2/113846769', 'https://homes.bg/2025-04-22_2/113846770', 'https://homes.bg/2025-04-22_2/113846771', 'https://homes.bg/2025-04-22_2/113846772', 'https://homes.bg/2025-04-22_2/113846773']",200000.0,EUR,"2,352 EUR/m²",,,False, продажба,PropertyType.DVUSTAEN,2025-06-16 18:03:36.850504,https://www.homes.bg/api/offers?currencyId=1&filterOrderBy=0&locationId=1&typeId=ApartmentSell&neighbourhoods%5B%5D=403,83,София,10.0,['Дианабад'],апартамент
1614780,as,https://homes.bg/offer/apartament-za-prodazhba/dvustaen-63m2-sofiya-zhk.-dianabad/as1614780,,"жк. Дианабад, София","Двустаен, 63m²","Тухла, ТЕЦ",1,"['https://homes.bg/2025-03-01_1/113216806', 'https://homes.bg/2025-03-01_1/113216807', 'https://homes.bg/2025-03-01_1/113216808']",295074.0,EUR,"4,683 EUR/m²",,,False, продажба,PropertyType.DVUSTAEN,2025-06-16 18:03:36.850515,https://www.homes.bg/api/offers?currencyId=1&filterOrderBy=0&locationId=1&typeId=ApartmentSell&neighbourhoods%5B%5D=403,83,София,3.0,['Дианабад'],апартамент
1614595,as,https://homes.bg/offer/apartament-za-prodazhba/mnogostaen-173m2-sofiya-zhk.-dianabad/as1614595,,"жк. Дианабад, София","Многостаен, 173m²","Тухла, ТЕЦ",1,"['https://homes.bg/2025-02-28_1/113199608', 'https://homes.bg/2025-02-28_1/113199609', 'https://homes.bg/2025-02-28_1/113199610']",874793.0,EUR,"5,056 EUR/m²",,,False, продажба,PropertyType.MNOGOSTAEN,2025-06-16 18:03:36.850527,https://www.homes.bg/api/offers?currencyId=1&filterOrderBy=0&locationId=1&typeId=ApartmentSell&neighbourhoods%5B%5D=403,83,София,3.0,['Дианабад'],апартамент
1614782,as,https://homes.bg/offer/apartament-za-prodazhba/dvustaen-63m2-sofiya-zhk.-dianabad/as1614782,,"жк. Дианабад, София","Двустаен, 63m²","Тухла, ТЕЦ",1,"['https://homes.bg/2025-03-01_1/113216811', 'https://homes.bg/2025-03-01_1/113216812', 'https://homes.bg/2025-03-01_1/113216813']",295074.0,EUR,"4,683 EUR/m²",,,False, продажба,PropertyType.DVUSTAEN,2025-06-16 18:03:36.850538,https://www.homes.bg/api/offers?currencyId=1&filterOrderBy=0&locationId=1&typeId=ApartmentSell&neighbourhoods%5B%5D=403,83,София,3.0,['Дианабад'],апартамент
1623963,as,https://homes.bg/offer/apartament-za-prodazhba/mnogostaen-189m2-sofiya-zhk.-dianabad/as1623963,,"жк. Дианабад, София","Многостаен, 189m²","Тухла, ТЕЦ",1,"['https://homes.bg/2025-04-23_1/113848896', 'https://homes.bg/2025-04-23_1/113848897', 'https://homes.bg/2025-04-23_1/113848898']",888872.0,EUR,"4,703 EUR/m²",,,False, продажба,PropertyType.MNOGOSTAEN,2025-06-16 18:03:36.850550,https://www.homes.bg/api/offers?currencyId=1&filterOrderBy=0&locationId=1&typeId=ApartmentSell&neighbourhoods%5B%5D=403,83,София,3.0,['Дианабад'],апартамент
1614620,as,https://homes.bg/offer/apartament-za-prodazhba/dvustaen-89m2-sofiya-zhk.-dianabad/as1614620,,"жк. Дианабад, София","Двустаен, 89m²","Тухла, Прокарва се",1,[],235000.0,EUR,"2,640 EUR/m²",,,False, продажба,PropertyType.DVUSTAEN,2025-06-16 18:03:36.850560,https://www.homes.bg/api/offers?currencyId=1&filterOrderBy=0&locationId=1&typeId=ApartmentSell&neighbourhoods%5B%5D=403,83,София,0.0,['Дианабад'],апартамент
1614786,as,https://homes.bg/offer/apartament-za-prodazhba/tristaen-209m2-sofiya-zhk.-dianabad/as1614786,,"жк. Дианабад, София","Тристаен, 209m²","Тухла, Прокарва се",1,[],550000.0,EUR,"2,631 EUR/m²",,,False, продажба,PropertyType.TRISTAEN,2025-06-16 18:03:36.850571,https://www.homes.bg/api/offers?currencyId=1&filterOrderBy=0&locationId=1&typeId=ApartmentSell&neighbourhoods%5B%5D=403,83,София,0.0,['Дианабад'],апартамент
1559127,as,https://homes.bg/offer/apartament-za-prodazhba/tristaen-166m2-sofiya-zhk.-dianabad/as1559127,,"жк. Дианабад, София","Тристаен, 166m²","Тухла, Необзаведен, ТЕЦ",1,"['https://homes.bg/2024-04-08_2/109156657', 'https://homes.bg/2024-04-08_2/109156658']",285000.0,EUR,"1,716 EUR/m²",,,False, продажба,PropertyType.TRISTAEN,2025-06-16 18:03:36.850582,https://www.homes.bg/api/offers?currencyId=1&filterOrderBy=0&locationId=1&typeId=ApartmentSell&neighbourhoods%5B%5D=403,83,София,2.0,['Дианабад'],апартамент
1576113,as,https://homes.bg/offer/apartament-za-prodazhba/tristaen-209m2-sofiya-zhk.-dianabad/as1576113,,"жк. Дианабад, София","Тристаен, 209m²","Тухла, ТЕЦ",1,"['https://homes.bg/2024-07-05_1/110300613', 'https://homes.bg/2024-07-05_1/110300614', 'https://homes.bg/2024-07-05_1/110300615', 'https://homes.bg/2024-07-05_1/110300616', 'https://homes.bg/2024-07-05_1/110300617', 'https://homes.bg/2024-07-05_1/110300618', 'https://homes.bg/2024-07-05_1/110300619', 'https://homes.bg/2024-07-05_1/110300620', 'https://homes.bg/2024-07-05_1/110300621', 'https://homes.bg/2024-07-05_1/110300622']",550000.0,EUR,"2,631 EUR/m²",,,False, продажба,PropertyType.TRISTAEN,2025-06-16 18:03:36.850597,https://www.homes.bg/api/offers?currencyId=1&filterOrderBy=0&locationId=1&typeId=ApartmentSell&neighbourhoods%5B%5D=403,83,София,10.0,['Дианабад'],апартамент
1606541,as,https://homes.bg/offer/apartament-za-prodazhba/dvustaen-80m2-sofiya-zhk.-dianabad/as1606541,,"жк. Дианабад, София","Двустаен, 80m²","Тухла, Обзаведен, Електричество",1,"['https://homes.bg/2025-01-18_1/112723694', 'https://homes.bg/2025-01-18_1/112723696', 'https://homes.bg/2025-01-18_1/112723697', 'https://homes.bg/2025-01-18_1/112723698', 'https://homes.bg/2025-01-18_1/112723700', 'https://homes.bg/2025-01-18_1/112723699', 'https://homes.bg/2025-01-18_1/112723693', 'https://homes.bg/2025-01-18_1/112723701', 'https://homes.bg/2025-01-18_1/112723702', 'https://homes.bg/2025-01-18_1/112723703']",230000.0,EUR,"2,875 EUR/m²",,,False, продажба,PropertyType.DVUSTAEN,2025-06-16 18:03:36.850610,https://www.homes.bg/api/offers?currencyId=1&filterOrderBy=0&locationId=1&typeId=ApartmentSell&neighbourhoods%5B%5D=403,83,София,10.0,['Дианабад'],апартамент
1577969,as,https://homes.bg/offer/apartament-za-prodazhba/dvustaen-89m2-sofiya-zhk.-dianabad/as1577969,,"жк. Дианабад, София","Двустаен, 89m²","Тухла, Необзаведен, ТЕЦ",1,['https://homes.bg/2025-02-06_2/112946604'],246000.0,EUR,"2,764 EUR/m²",,,False, продажба,PropertyType.DVUSTAEN,2025-06-16 18:03:36.850621,https://www.homes.bg/api/offers?currencyId=1&filterOrderBy=0&locationId=1&typeId=ApartmentSell&neighbourhoods%5B%5D=403,83,София,1.0,['Дианабад'],апартамент
1617970,as,https://homes.bg/offer/apartament-za-prodazhba/dvustaen-65m2-sofiya-zhk.-dianabad/as1617970,,"жк. Дианабад, София","Двустаен, 65m²","Тухла, Обзаведен, ТЕЦ",1,"['https://homes.bg/2025-03-20_2/113447360', 'https://homes.bg/2025-03-20_2/113447361', 'https://homes.bg/2025-03-20_2/113447362', 'https://homes.bg/2025-03-20_2/113447363', 'https://homes.bg/2025-03-20_2/113447364', 'https://homes.bg/2025-03-20_2/113447365', 'https://homes.bg/2025-03-20_2/113447366']",239000.0,EUR,"3,676 EUR/m²",,,False, продажба,PropertyType.DVUSTAEN,2025-06-16 18:03:36.850636,https://www.homes.bg/api/offers?currencyId=1&filterOrderBy=0&locationId=1&typeId=ApartmentSell&neighbourhoods%5B%5D=403,83,София,7.0,['Дианабад'],апартамент
1617600,as,https://homes.bg/offer/apartament-za-prodazhba/ednostaen-47m2-sofiya-zhk.-dianabad/as1617600,,"жк. Дианабад, София","Едностаен, 47m²","Панел, Обзаведен, ТЕЦ",1,"['https://homes.bg/2025-03-17_2/113389529', 'https://homes.bg/2025-03-17_2/113389532', 'https://homes.bg/2025-03-17_2/113389535', 'https://homes.bg/2025-03-17_2/113389536', 'https://homes.bg/2025-03-17_2/113389538', 'https://homes.bg/2025-03-17_2/113389540', 'https://homes.bg/2025-03-17_2/113389542']",182000.0,EUR,"3,872 EUR/m²",,,False, продажба,PropertyType.EDNOSTAEN,2025-06-16 18:03:36.850649,https://www.homes.bg/api/offers?currencyId=1&filterOrderBy=0&locationId=1&typeId=ApartmentSell&neighbourhoods%5B%5D=403,83,София,7.0,['Дианабад'],апартамент
1616718,as,https://homes.bg/offer/apartament-za-prodazhba/tristaen-211m2-sofiya-zhk.-dianabad/as1616718,,"жк. Дианабад, София","Тристаен, 211m²","Тухла, Необзаведен, ТЕЦ",1,"['https://homes.bg/2025-03-13_2/113347267', 'https://homes.bg/2025-03-13_2/113347268', 'https://homes.bg/2025-03-13_2/113347269', 'https://homes.bg/2025-03-13_2/113347270', 'https://homes.bg/2025-03-13_2/113347271', 'https://homes.bg/2025-03-13_2/113347272', 'https://homes.bg/2025-03-13_2/113347273', 'https://homes.bg/2025-03-13_2/113347274', 'https://homes.bg/2025-03-13_2/113347275', 'https://homes.bg/2025-03-13_2/113347276']",550000.0,EUR,"2,606 EUR/m²",,,False, продажба,PropertyType.TRISTAEN,2025-06-16 18:03:36.850664,https://www.homes.bg/api/offers?currencyId=1&filterOrderBy=0&locationId=1&typeId=ApartmentSell&neighbourhoods%5B%5D=403,83,София,10.0,['Дианабад'],апартамент
1423997,as,https://homes.bg/offer/apartament-za-prodazhba/dvustaen-72m2-sofiya-zhk.-dianabad/as1423997,,"жк. Дианабад, София","Двустаен, 72m²","Тухла, Необзаведен, Без отопление",1,"['https://homes.bg/2025-03-07_2/113287707', 'https://homes.bg/2025-03-07_2/113287708', 'https://homes.bg/2025-03-07_2/113287709', 'https://homes.bg/2025-03-07_2/113287710', 'https://homes.bg/2025-03-07_2/113287711', 'https://homes.bg/2025-03-07_2/113287712']",182000.0,EUR,"2,527 EUR/m²",,,False, продажба,PropertyType.DVUSTAEN,2025-06-16 18:03:36.850677,https://www.homes.bg/api/offers?currencyId=1&filterOrderBy=0&locationId=1&typeId=ApartmentSell&neighbourhoods%5B%5D=403,83,София,6.0,['Дианабад'],апартамент
1494805,as,https://homes.bg/offer/apartament-za-prodazhba/dvustaen-89m2-sofiya-zhk.-dianabad/as1494805,,"жк. Дианабад, София","Двустаен, 89m²","Тухла, Необзаведен, ТЕЦ",1,"['https://homes.bg/2025-02-25_2/113156066', 'https://homes.bg/2025-02-25_2/113156067']",276000.0,EUR,"3,101 EUR/m²",,,False, продажба,PropertyType.DVUSTAEN,2025-06-16 18:03:36.850688,https://www.homes.bg/api/offers?currencyId=1&filterOrderBy=0&locationId=1&typeId=ApartmentSell&neighbourhoods%5B%5D=403,83,София,2.0,['Дианабад'],апартамент
1494809,as,https://homes.bg/offer/apartament-za-prodazhba/tristaen-209m2-sofiya-zhk.-dianabad/as1494809,,"жк. Дианабад, София","Тристаен, 209m²","Тухла, Необзаведен, ТЕЦ",1,"['https://homes.bg/2025-02-25_2/113156068', 'https://homes.bg/2025-02-25_2/113156069']",660000.0,EUR,"3,157 EUR/m²",,,False, продажба,PropertyType.TRISTAEN,2025-06-16 18:03:36.850698,https://www.homes.bg/api/offers?currencyId=1&filterOrderBy=0&locationId=1&typeId=ApartmentSell&neighbourhoods%5B%5D=403,83,София,2.0,['Дианабад'],апартамент
1612120,as,https://homes.bg/offer/apartament-za-prodazhba/tristaen-231m2-sofiya-zhk.-dianabad/as1612120,,"жк. Дианабад, София","Тристаен, 231m²","Тухла, Необзаведен, ТЕЦ",1,"['https://homes.bg/2025-02-14_1/113040612', 'https://homes.bg/2025-02-14_1/113040613', 'https://homes.bg/2025-02-14_1/113040614', 'https://homes.bg/2025-02-14_1/113040615', 'https://homes.bg/2025-02-14_1/113040616', 'https://homes.bg/2025-02-14_1/113040617', 'https://homes.bg/2025-02-14_1/113040618', 'https://homes.bg/2025-02-14_1/113040619', 'https://homes.bg/2025-02-14_1/113040620', 'https://homes.bg/2025-02-14_1/113040621']",304000.0,EUR,"1,316 EUR/m²",,,False, продажба,PropertyType.TRISTAEN,2025-06-16 18:03:36.850713,https://www.homes.bg/api/offers?currencyId=1&filterOrderBy=0&locationId=1&typeId=ApartmentSell&neighbourhoods%5B%5D=403,83,София,10.0,['Дианабад'],апартамент
1609451,as,https://homes.bg/offer/apartament-za-prodazhba/tristaen-97m2-sofiya-zhk.-dianabad/as1609451,,"жк. Дианабад, София","Тристаен, 97m²",Тухла,1,"['https://homes.bg/2025-02-01_1/112896663', 'https://homes.bg/2025-02-01_1/112896664', 'https://homes.bg/2025-02-01_1/112896665', 'https://homes.bg/2025-02-01_1/112896666', 'https://homes.bg/2025-02-01_1/112896667']",314800.0,EUR,"3,245 EUR/m²",,,False, продажба,PropertyType.TRISTAEN,2025-06-16 18:03:36.850726,https://www.homes.bg/api/offers?currencyId=1&filterOrderBy=0&locationId=1&typeId=ApartmentSell&neighbourhoods%5B%5D=403,83,София,5.0,['Дианабад'],апартамент
1587734,as,https://homes.bg/offer/apartament-za-prodazhba/dvustaen-75m2-sofiya-zhk.-dianabad/as1587734,,"жк. Дианабад, София","Двустаен, 75m²","Тухла, Необзаведен, ТЕЦ",1,"['https://homes.bg/2024-09-13_2/111223784', 'https://homes.bg/2024-09-13_2/111223790', 'https://homes.bg/2024-09-13_2/111223786', 'https://homes.bg/2024-09-13_2/111223789', 'https://homes.bg/2024-09-13_2/111223785', 'https://homes.bg/2024-09-13_2/111223788', 'https://homes.bg/2024-09-13_2/111223791', 'https://homes.bg/2024-09-13_2/111223787']",149900.0,EUR,"1,998 EUR/m²",,,False, продажба,PropertyType.DVUSTAEN,2025-06-16 18:03:36.850739,https://www.homes.bg/api/offers?currencyId=1&filterOrderBy=0&locationId=1&typeId=ApartmentSell&neighbourhoods%5B%5D=403,83,София,8.0,['Дианабад'],апартамент
1443895,as,https://homes.bg/offer/apartament-za-prodazhba/dvustaen-112m2-sofiya-zhk.-dianabad/as1443895,,"жк. Дианабад, София","Двустаен, 112m²","Тухла, Необзаведен",1,"['https://homes.bg/2023-11-10_2/107192074', 'https://homes.bg/2023-11-10_2/107192075', 'https://homes.bg/2023-11-10_2/107192076', 'https://homes.bg/2023-11-10_2/107192077', 'https://homes.bg/2023-11-10_2/107192078', 'https://homes.bg/2023-11-10_2/107192079', 'https://homes.bg/2023-11-10_2/107192080', 'https://homes.bg/2023-11-10_2/107192081', 'https://homes.bg/2023-11-10_2/107192082', 'https://homes.bg/2023-11-10_2/107192083']",128000.0,EUR,"1,142 EUR/m²",,,False, продажба,PropertyType.DVUSTAEN,2025-06-16 18:03:36.850753,https://www.homes.bg/api/offers?currencyId=1&filterOrderBy=0&locationId=1&typeId=ApartmentSell&neighbourhoods%5B%5D=403,83,София,10.0,['Дианабад'],апартамент
1412117,as,https://homes.bg/offer/apartament-za-prodazhba/dvustaen-50m2-sofiya-zhk.-dianabad/as1412117,,"жк. Дианабад, София","Двустаен, 50m²","ЕПК, Обзаведен, ТЕЦ",1,"['https://homes.bg/2023-01-09_2/93662044', 'https://homes.bg/2023-01-09_2/93662045', 'https://homes.bg/2023-01-09_2/93662046', 'https://homes.bg/2023-01-09_2/93662047', 'https://homes.bg/2023-01-09_2/93662048', 'https://homes.bg/2023-01-09_2/93662049', 'https://homes.bg/2023-01-09_2/93662050', 'https://homes.bg/2023-01-09_2/93662051', 'https://homes.bg/2023-01-09_2/93662052', 'https://homes.bg/2023-01-09_2/93662053']",114000.0,EUR,"2,280 EUR/m²",,,False, продажба,PropertyType.DVUSTAEN,2025-06-16 18:03:36.850769,https://www.homes.bg/api/offers?currencyId=1&filterOrderBy=0&locationId=1&typeId=ApartmentSell&neighbourhoods%5B%5D=403,83,София,10.0,['Дианабад'],апартамент
1609962,as,https://homes.bg/offer/apartament-za-prodazhba/tristaen-75m2-sofiya-zhk.-dianabad/as1609962,,"жк. Дианабад, София","Тристаен, 75m²","Панел, Обзаведен, ТЕЦ",1,"['https://homes.bg/2025-02-04_1/112920925', 'https://homes.bg/2025-02-04_1/112920926', 'https://homes.bg/2025-02-04_1/112920927', 'https://homes.bg/2025-02-04_1/112920928', 'https://homes.bg/2025-02-04_1/112920929', 'https://homes.bg/2025-02-04_1/112920930']",219000.0,EUR,"2,920 EUR/m²",,,False, продажба,PropertyType.TRISTAEN,2025-06-16 18:03:36.850782,https://www.homes.bg/api/offers?currencyId=1&filterOrderBy=0&locationId=1&typeId=ApartmentSell&neighbourhoods%5B%5D=403,83,София,6.0,['Дианабад'],апартамент
1627061,as,https://homes.bg/offer/apartament-za-prodazhba/dvustaen-48m2-sofiya-zhk.-dianabad/as1627061,,"жк. Дианабад, София","Двустаен, 48m²","Обзаведен, ТЕЦ",1,"['https://homes.bg/2025-05-10_1/114064010', 'https://homes.bg/2025-05-10_1/114064011', 'https://homes.bg/2025-05-10_1/114064012', 'https://homes.bg/2025-05-10_1/114064013', 'https://homes.bg/2025-05-10_1/114064014']",140000.0,EUR,"2,916 EUR/m²",,,False, продажба,PropertyType.DVUSTAEN,2025-06-16 18:03:36.850793,https://www.homes.bg/api/offers?currencyId=1&filterOrderBy=0&locationId=1&typeId=ApartmentSell&neighbourhoods%5B%5D=403,83,София,5.0,['Дианабад'],апартамент
1452144,as,https://homes.bg/offer/apartament-za-prodazhba/dvustaen-65m2-sofiya-zhk.-dianabad/as1452144,,"жк. Дианабад, София","Двустаен, 65m²","Тухла, Необзаведен",1,"['https://homes.bg/2022-11-08_1/90955177', 'https://homes.bg/2022-11-08_1/90955178', 'https://homes.bg/2022-11-08_1/90955179']",129000.0,EUR,"1,984 EUR/m²",,,False, продажба,PropertyType.DVUSTAEN,2025-06-16 18:03:36.850804,https://www.homes.bg/api/offers?currencyId=1&filterOrderBy=0&locationId=1&typeId=ApartmentSell&neighbourhoods%5B%5D=403,83,София,3.0,['Дианабад'],апартамент
1625284,as,https://homes.bg/offer/apartament-za-prodazhba/tristaen-75m2-sofiya-zhk.-dianabad/as1625284,,"жк. Дианабад, София","Тристаен, 75m²","Панел, Обзаведен, ТЕЦ",1,[],200000.0,EUR,"2,666 EUR/m²",,,False, продажба,PropertyType.TRISTAEN,2025-06-16 18:03:36.850814,https://www.homes.bg/api/offers?currencyId=1&filterOrderBy=0&locationId=1&typeId=ApartmentSell&neighbourhoods%5B%5D=403,83,София,0.0,['Дианабад'],апартамент
